Link Name,Center of Mass X,Center of Mass Y,Center of Mass Z,Center of Mass Roll,Center of Mass Pitch,Center of Mass Yaw,Mass,Moment Ixx,Moment Ixy,Moment Ixz,Moment Iyy,Moment Iyz,Moment Izz,Visual X,Visual Y,Visual Z,Visual Roll,Visual Pitch,Visual Yaw,Mesh Filename,Color Red,Color Green,Color Blue,Color Alpha,Collision X,Collision Y,Collision Z,Collision Roll,Collision Pitch,Collision Yaw,Collision Mesh Filename,Material Name,SW Components,Coordinate System,Axis Name,Joint Name,Joint Type,Joint Origin X,Joint Origin Y,Joint Origin Z,Joint Origin Roll,Joint Origin Pitch,Joint Origin Yaw,Parent,Joint Axis X,Joint Axis Y,Joint Axis Z,Limit Effort,Limit Velocity,Limit Lower,Limit Upper,Calibration rising,Calibration falling,Dynamics Damping,Dynamics Friction,Safety Soft Upper,Safety Soft Lower,Safety K Position,Safety K Velocity
base_link,-0.018477,0.0053442,0.0047358,0,0,0,2.4417,0.0036992,-0.00054117,2.6284E-06,0.01421,-3.3856E-05,0.014405,0,0,0,0,0,0,package://wheelleg_description_ver12/meshes/base_link.STL,0.75294,0.75294,0.75294,1,0,0,0,0,0,0,package://wheelleg_description_ver12/meshes/base_link.STL,,_TOTAL_WLMR_ASSY.stp-1/_Base_ASSY.stp-1/WLMR_Interfacing_BOARD.stp-1;_TOTAL_WLMR_ASSY.stp-1/_Base_ASSY.stp-1/SDD0-130N.stp-2;_TOTAL_WLMR_ASSY.stp-1/_Base_ASSY.stp-1/SDD0-130N.stp-1;_TOTAL_WLMR_ASSY.stp-1/_Base_ASSY.stp-1/Hardware_plate_03.stp-1;_TOTAL_WLMR_ASSY.stp-1/_Base_ASSY.stp-1/520885_EPOS4_Compact_50-8_CAN.stp-1;_TOTAL_WLMR_ASSY.stp-1/_Base_ASSY.stp-1/Support_M3_12mm.stp-20;_TOTAL_WLMR_ASSY.stp-1/_Base_ASSY.stp-1/Support_M3_12mm.stp-19;_TOTAL_WLMR_ASSY.stp-1/_Base_ASSY.stp-1/Support_M3_12mm.stp-18;_TOTAL_WLMR_ASSY.stp-1/_Base_ASSY.stp-1/Support_M3_12mm.stp-17;_TOTAL_WLMR_ASSY.stp-1/_Base_ASSY.stp-1/Hardware_plate_02.stp-1;_TOTAL_WLMR_ASSY.stp-1/_Base_ASSY.stp-1/C_rio_mount_2.stp-1;_TOTAL_WLMR_ASSY.stp-1/_Base_ASSY.stp-1/C_rio_mount.stp-1;_TOTAL_WLMR_ASSY.stp-1/_Base_ASSY.stp-1/Support_M3_12mm.stp-16;_TOTAL_WLMR_ASSY.stp-1/_Base_ASSY.stp-1/Support_M3_12mm.stp-15;_TOTAL_WLMR_ASSY.stp-1/_Base_ASSY.stp-1/Support_M3_12mm.stp-14;_TOTAL_WLMR_ASSY.stp-1/_Base_ASSY.stp-1/Support_M3_12mm.stp-13;_TOTAL_WLMR_ASSY.stp-1/_Base_ASSY.stp-1/Support_M3_12mm.stp-12;_TOTAL_WLMR_ASSY.stp-1/_Base_ASSY.stp-1/Support_M3_12mm.stp-11;_TOTAL_WLMR_ASSY.stp-1/_Base_ASSY.stp-1/Support_M3_12mm.stp-10;_TOTAL_WLMR_ASSY.stp-1/_Base_ASSY.stp-1/Support_M3_12mm.stp-9;_TOTAL_WLMR_ASSY.stp-1/_Base_ASSY.stp-1/Support_M3_12mm.stp-8;_TOTAL_WLMR_ASSY.stp-1/_Base_ASSY.stp-1/Support_M3_12mm.stp-7;_TOTAL_WLMR_ASSY.stp-1/_Base_ASSY.stp-1/Support_M3_12mm.stp-6;_TOTAL_WLMR_ASSY.stp-1/_Base_ASSY.stp-1/Support_M3_12mm.stp-5;_TOTAL_WLMR_ASSY.stp-1/_Base_ASSY.stp-1/Support_M3_12mm.stp-4;_TOTAL_WLMR_ASSY.stp-1/_Base_ASSY.stp-1/Support_M3_12mm.stp-3;_TOTAL_WLMR_ASSY.stp-1/_Base_ASSY.stp-1/Support_M3_12mm.stp-2;_TOTAL_WLMR_ASSY.stp-1/_Base_ASSY.stp-1/Support_M3_12mm.stp-1;_TOTAL_WLMR_ASSY.stp-1/_Base_ASSY.stp-1/Support_M2_5_6mm.stp-4;_TOTAL_WLMR_ASSY.stp-1/_Base_ASSY.stp-1/Support_M2_5_6mm.stp-3;_TOTAL_WLMR_ASSY.stp-1/_Base_ASSY.stp-1/Support_M2_5_6mm.stp-2;_TOTAL_WLMR_ASSY.stp-1/_Base_ASSY.stp-1/Support_M2_5_6mm.stp-1;_TOTAL_WLMR_ASSY.stp-1/_Base_ASSY.stp-1/XSSR_DD25100.stp-4;_TOTAL_WLMR_ASSY.stp-1/_Base_ASSY.stp-1/XSSR_DD25100.stp-3;_TOTAL_WLMR_ASSY.stp-1/_Base_ASSY.stp-1/XSSR_DD25100.stp-2;_TOTAL_WLMR_ASSY.stp-1/_Base_ASSY.stp-1/XSSR_DD25100.stp-1;_TOTAL_WLMR_ASSY.stp-1/_Base_ASSY.stp-1/SPS30.stp-2;_TOTAL_WLMR_ASSY.stp-1/_Base_ASSY.stp-1/SPS30.stp-1;_TOTAL_WLMR_ASSY.stp-1/_Base_ASSY.stp-1/ni9401.stp-1;_TOTAL_WLMR_ASSY.stp-1/_Base_ASSY.stp-1/ni9862.stp-1;_TOTAL_WLMR_ASSY.stp-1/_Base_ASSY.stp-1/EBIMU_9DOFV5_R2.stp-1;_TOTAL_WLMR_ASSY.stp-1/_Base_ASSY.stp-1/PCBasembly_simp.stp-2;_TOTAL_WLMR_ASSY.stp-1/_Base_ASSY.stp-1/PCBasembly_simp.stp-1;_TOTAL_WLMR_ASSY.stp-1/_Base_ASSY.stp-1/C_Rio.stp-1;_TOTAL_WLMR_ASSY.stp-1/_Base_ASSY.stp-1/BF_02.stp-2;_TOTAL_WLMR_ASSY.stp-1/_Base_ASSY.stp-1/Base_frame_part_01.stp-2;_TOTAL_WLMR_ASSY.stp-1/_Base_ASSY.stp-1/BF_02.stp-1;_TOTAL_WLMR_ASSY.stp-1/_Base_ASSY.stp-1/BF_01.stp-2;_TOTAL_WLMR_ASSY.stp-1/_Base_ASSY.stp-1/BF_03.stp-2;_TOTAL_WLMR_ASSY.stp-1/_Base_ASSY.stp-1/BF_03.stp-1;_TOTAL_WLMR_ASSY.stp-1/_Base_ASSY.stp-1/BF_01.stp-1;_TOTAL_WLMR_ASSY.stp-1/_Base_ASSY.stp-1/Base_frame_part_01.stp-1;_TOTAL_WLMR_ASSY.stp-1/hoist_cov_plate.stp-1;_TOTAL_WLMR_ASSY.stp-1/hoist_cov_plate.stp-2,CoM_coor,,,,0,0,0,0,0,0,,0,0,0,,,,,,,,,,,,
LF_hr,0.0254381972161002,0.012529224507784,-8.63487661971517E-05,0,0,0,0.567815366839139,0.000570978647284917,-3.97708765468956E-07,1.48220765887281E-08,0.000579959876312731,-3.71191358023925E-07,0.000388548177892307,0,0,0,0,0,0,package://wheelleg_description_ver12/meshes/LF_hr.STL,0.752941176470588,0.752941176470588,0.752941176470588,1,0,0,0,0,0,0,package://wheelleg_description_ver12/meshes/LF_hr.STL,,_TOTAL_WLMR_ASSY.stp-1/_RR_LEG_ASSY.stp-1/_HIP_ASSY.stp-1/_QDD_ASSY.stp-1/CP_Gear_ASSY.stp-1;_TOTAL_WLMR_ASSY.stp-1/_RR_LEG_ASSY.stp-1/_HIP_ASSY.stp-1/_QDD_ASSY.stp-1/GEABG1.0-12-10-K-6_b.stp-1;_TOTAL_WLMR_ASSY.stp-1/_RR_LEG_ASSY.stp-1/_HIP_ASSY.stp-1/_QDD_ASSY.stp-1/Ring_gear_M1_0-64-5.stp-1;_TOTAL_WLMR_ASSY.stp-1/_RR_LEG_ASSY.stp-1/_HIP_ASSY.stp-1/_QDD_ASSY.stp-1/ISO 10642 - M3 x  8.stp-1;_TOTAL_WLMR_ASSY.stp-1/_RR_LEG_ASSY.stp-1/_HIP_ASSY.stp-1/_QDD_ASSY.stp-1/ISO 10642 - M4 x  8.stp-1;_TOTAL_WLMR_ASSY.stp-1/_RR_LEG_ASSY.stp-1/_HIP_ASSY.stp-1/_QDD_ASSY.stp-1/Controller_cover.stp-1;_TOTAL_WLMR_ASSY.stp-1/_RR_LEG_ASSY.stp-1/_HIP_ASSY.stp-1/_QDD_ASSY.stp-1/Magnet_3T_6.stp-1;_TOTAL_WLMR_ASSY.stp-1/_RR_LEG_ASSY.stp-1/_HIP_ASSY.stp-1/_QDD_ASSY.stp-1/_Moteus_controller_r4.8.stp-1;_TOTAL_WLMR_ASSY.stp-1/_RR_LEG_ASSY.stp-1/_HIP_ASSY.stp-1/_QDD_ASSY.stp-1/Outer_cover_part_03.stp-1;_TOTAL_WLMR_ASSY.stp-1/_RR_LEG_ASSY.stp-1/_HIP_ASSY.stp-1/_QDD_ASSY.stp-1/Outer_cover_part_02.stp-1;_TOTAL_WLMR_ASSY.stp-1/_RR_LEG_ASSY.stp-1/_HIP_ASSY.stp-1/_QDD_ASSY.stp-1/Magnet_Cap.stp-1;_TOTAL_WLMR_ASSY.stp-1/_RR_LEG_ASSY.stp-1/_HIP_ASSY.stp-1/_QDD_ASSY.stp-1/Outer_cover_part_01.stp-1;_TOTAL_WLMR_ASSY.stp-1/_RR_LEG_ASSY.stp-1/_HIP_ASSY.stp-1/_QDD_ASSY.stp-1/FL6900ZZ.stp-1;_TOTAL_WLMR_ASSY.stp-1/_RR_LEG_ASSY.stp-1/_HIP_ASSY.stp-1/_QDD_ASSY.stp-1/input_shaft.stp-1;_TOTAL_WLMR_ASSY.stp-1/_RR_LEG_ASSY.stp-1/_HIP_ASSY.stp-1/_QDD_ASSY.stp-1/Carrier_support.stp-3;_TOTAL_WLMR_ASSY.stp-1/_RR_LEG_ASSY.stp-1/_HIP_ASSY.stp-1/_QDD_ASSY.stp-1/Carrier_support.stp-2;_TOTAL_WLMR_ASSY.stp-1/_RR_LEG_ASSY.stp-1/_HIP_ASSY.stp-1/_QDD_ASSY.stp-1/Carrier_support.stp-1;_TOTAL_WLMR_ASSY.stp-1/_RR_LEG_ASSY.stp-1/_HIP_ASSY.stp-1/_QDD_ASSY.stp-1/Carrier_part_a_b.stp-1;_TOTAL_WLMR_ASSY.stp-1/_RR_LEG_ASSY.stp-1/_HIP_ASSY.stp-1/_QDD_ASSY.stp-1/Carrier_part_a.stp-1;_TOTAL_WLMR_ASSY.stp-1/_RR_LEG_ASSY.stp-1/_HIP_ASSY.stp-1/_QDD_ASSY.stp-1/MOTOR MN1005 ASSY.stp-1;_TOTAL_WLMR_ASSY.stp-1/_RR_LEG_ASSY.stp-1/_HIP_ASSY.stp-1/_QDD_ASSY.stp-1/6706.stp-1;_TOTAL_WLMR_ASSY.stp-1/_RR_LEG_ASSY.stp-1/_HIP_ASSY.stp-1/_QDD_ASSY.stp-1/626VV.stp-1;_TOTAL_WLMR_ASSY.stp-1/_RR_LEG_ASSY.stp-1/_HIP_ASSY.stp-1/_QDD_ASSY.stp-1/CP_Gear_ASSY.stp-3;_TOTAL_WLMR_ASSY.stp-1/_RR_LEG_ASSY.stp-1/_HIP_ASSY.stp-1/_QDD_ASSY.stp-1/CP_Gear_ASSY.stp-2;_TOTAL_WLMR_ASSY.stp-1/_RR_LEG_ASSY.stp-1/_HIP_ASSY.stp-1/_QDD_ASSY.stp-2/CP_Gear_ASSY.stp-1;_TOTAL_WLMR_ASSY.stp-1/_RR_LEG_ASSY.stp-1/_HIP_ASSY.stp-1/_QDD_ASSY.stp-2/CP_Gear_ASSY.stp-2;_TOTAL_WLMR_ASSY.stp-1/_RR_LEG_ASSY.stp-1/_HIP_ASSY.stp-1/_QDD_ASSY.stp-2/CP_Gear_ASSY.stp-3;_TOTAL_WLMR_ASSY.stp-1/_RR_LEG_ASSY.stp-1/_HIP_ASSY.stp-1/_QDD_ASSY.stp-2/626VV.stp-1;_TOTAL_WLMR_ASSY.stp-1/_RR_LEG_ASSY.stp-1/_HIP_ASSY.stp-1/_QDD_ASSY.stp-2/6706.stp-1;_TOTAL_WLMR_ASSY.stp-1/_RR_LEG_ASSY.stp-1/_HIP_ASSY.stp-1/_QDD_ASSY.stp-2/MOTOR MN1005 ASSY.stp-1;_TOTAL_WLMR_ASSY.stp-1/_RR_LEG_ASSY.stp-1/_HIP_ASSY.stp-1/_QDD_ASSY.stp-2/Carrier_part_a_b.stp-1;_TOTAL_WLMR_ASSY.stp-1/_RR_LEG_ASSY.stp-1/_HIP_ASSY.stp-1/_QDD_ASSY.stp-2/Carrier_support.stp-2;_TOTAL_WLMR_ASSY.stp-1/_RR_LEG_ASSY.stp-1/_HIP_ASSY.stp-1/_QDD_ASSY.stp-2/Carrier_support.stp-3;_TOTAL_WLMR_ASSY.stp-1/_RR_LEG_ASSY.stp-1/_HIP_ASSY.stp-1/_QDD_ASSY.stp-2/Carrier_part_a.stp-1;_TOTAL_WLMR_ASSY.stp-1/_RR_LEG_ASSY.stp-1/_HIP_ASSY.stp-1/_QDD_ASSY.stp-2/Carrier_support.stp-1;_TOTAL_WLMR_ASSY.stp-1/_RR_LEG_ASSY.stp-1/_HIP_ASSY.stp-1/_QDD_ASSY.stp-2/input_shaft.stp-1;_TOTAL_WLMR_ASSY.stp-1/_RR_LEG_ASSY.stp-1/_HIP_ASSY.stp-1/_QDD_ASSY.stp-2/FL6900ZZ.stp-1;_TOTAL_WLMR_ASSY.stp-1/_RR_LEG_ASSY.stp-1/_HIP_ASSY.stp-1/_QDD_ASSY.stp-2/Outer_cover_part_01.stp-1;_TOTAL_WLMR_ASSY.stp-1/_RR_LEG_ASSY.stp-1/_HIP_ASSY.stp-1/_QDD_ASSY.stp-2/Magnet_Cap.stp-1;_TOTAL_WLMR_ASSY.stp-1/_RR_LEG_ASSY.stp-1/_HIP_ASSY.stp-1/_QDD_ASSY.stp-2/Outer_cover_part_02.stp-1;_TOTAL_WLMR_ASSY.stp-1/_RR_LEG_ASSY.stp-1/_HIP_ASSY.stp-1/_QDD_ASSY.stp-2/Outer_cover_part_03.stp-1;_TOTAL_WLMR_ASSY.stp-1/_RR_LEG_ASSY.stp-1/_HIP_ASSY.stp-1/_QDD_ASSY.stp-2/_Moteus_controller_r4.8.stp-1;_TOTAL_WLMR_ASSY.stp-1/_RR_LEG_ASSY.stp-1/_HIP_ASSY.stp-1/_QDD_ASSY.stp-2/Magnet_3T_6.stp-1;_TOTAL_WLMR_ASSY.stp-1/_RR_LEG_ASSY.stp-1/_HIP_ASSY.stp-1/_QDD_ASSY.stp-2/Controller_cover.stp-1;_TOTAL_WLMR_ASSY.stp-1/_RR_LEG_ASSY.stp-1/_HIP_ASSY.stp-1/HR_output.stp-1;_TOTAL_WLMR_ASSY.stp-1/_RR_LEG_ASSY.stp-1/_HIP_ASSY.stp-1/HR_mount_part_01.stp-1;_TOTAL_WLMR_ASSY.stp-1/_RR_LEG_ASSY.stp-1/_HIP_ASSY.stp-1/HR_mount_part_01.stp-2;_TOTAL_WLMR_ASSY.stp-1/_RR_LEG_ASSY.stp-1/_HIP_ASSY.stp-1/HR_bearing_mount.stp-1;_TOTAL_WLMR_ASSY.stp-1/_RR_LEG_ASSY.stp-1/_HIP_ASSY.stp-1/C-E6905ZZ.stp-1;_TOTAL_WLMR_ASSY.stp-1/_RR_LEG_ASSY.stp-1/_HIP_ASSY.stp-1/Magnet_P5_5_T2_5_1.stp-1,LF_hr_coor,LF_hr_axis,LF_hr_joint,revolute,0.2496,0.065,0,0,0,0,base_link,-1,0,0,0,0,0,0,,,,,,,,
LF_hp,0.000558060138357797,0.0516976279704902,-0.0801936148629627,0,0,0,0.657880483360443,0.00298561412676882,-3.44193414515424E-09,1.85078099792161E-05,0.00327753554959795,4.8065295418868E-07,0.000329090678857989,0,0,0,0,0,0,package://wheelleg_description_ver12/meshes/LF_hp.STL,0.752941176470588,0.752941176470588,0.752941176470588,1,0,0,0,0,0,0,package://wheelleg_description_ver12/meshes/LF_hp.STL,,_TOTAL_WLMR_ASSY.stp-1/_RR_LEG_ASSY.stp-1/_UP_LINK_ASSY.stp-1/_QDD_ASSY.stp-1/CP_Gear_ASSY.stp-1;_TOTAL_WLMR_ASSY.stp-1/_RR_LEG_ASSY.stp-1/_UP_LINK_ASSY.stp-1/_QDD_ASSY.stp-1/Controller_cover.stp-1;_TOTAL_WLMR_ASSY.stp-1/_RR_LEG_ASSY.stp-1/_UP_LINK_ASSY.stp-1/_QDD_ASSY.stp-1/Magnet_3T_6.stp-1;_TOTAL_WLMR_ASSY.stp-1/_RR_LEG_ASSY.stp-1/_UP_LINK_ASSY.stp-1/_QDD_ASSY.stp-1/_Moteus_controller_r4.8.stp-1;_TOTAL_WLMR_ASSY.stp-1/_RR_LEG_ASSY.stp-1/_UP_LINK_ASSY.stp-1/_QDD_ASSY.stp-1/Outer_cover_part_03.stp-1;_TOTAL_WLMR_ASSY.stp-1/_RR_LEG_ASSY.stp-1/_UP_LINK_ASSY.stp-1/_QDD_ASSY.stp-1/Outer_cover_part_02.stp-1;_TOTAL_WLMR_ASSY.stp-1/_RR_LEG_ASSY.stp-1/_UP_LINK_ASSY.stp-1/_QDD_ASSY.stp-1/Magnet_Cap.stp-1;_TOTAL_WLMR_ASSY.stp-1/_RR_LEG_ASSY.stp-1/_UP_LINK_ASSY.stp-1/_QDD_ASSY.stp-1/Outer_cover_part_01.stp-1;_TOTAL_WLMR_ASSY.stp-1/_RR_LEG_ASSY.stp-1/_UP_LINK_ASSY.stp-1/_QDD_ASSY.stp-1/FL6900ZZ.stp-1;_TOTAL_WLMR_ASSY.stp-1/_RR_LEG_ASSY.stp-1/_UP_LINK_ASSY.stp-1/_QDD_ASSY.stp-1/input_shaft.stp-1;_TOTAL_WLMR_ASSY.stp-1/_RR_LEG_ASSY.stp-1/_UP_LINK_ASSY.stp-1/_QDD_ASSY.stp-1/Carrier_support.stp-3;_TOTAL_WLMR_ASSY.stp-1/_RR_LEG_ASSY.stp-1/_UP_LINK_ASSY.stp-1/_QDD_ASSY.stp-1/Carrier_support.stp-2;_TOTAL_WLMR_ASSY.stp-1/_RR_LEG_ASSY.stp-1/_UP_LINK_ASSY.stp-1/_QDD_ASSY.stp-1/Carrier_support.stp-1;_TOTAL_WLMR_ASSY.stp-1/_RR_LEG_ASSY.stp-1/_UP_LINK_ASSY.stp-1/_QDD_ASSY.stp-1/Carrier_part_a_b.stp-1;_TOTAL_WLMR_ASSY.stp-1/_RR_LEG_ASSY.stp-1/_UP_LINK_ASSY.stp-1/_QDD_ASSY.stp-1/Carrier_part_a.stp-1;_TOTAL_WLMR_ASSY.stp-1/_RR_LEG_ASSY.stp-1/_UP_LINK_ASSY.stp-1/_QDD_ASSY.stp-1/MOTOR MN1005 ASSY.stp-1;_TOTAL_WLMR_ASSY.stp-1/_RR_LEG_ASSY.stp-1/_UP_LINK_ASSY.stp-1/_QDD_ASSY.stp-1/6706.stp-1;_TOTAL_WLMR_ASSY.stp-1/_RR_LEG_ASSY.stp-1/_UP_LINK_ASSY.stp-1/_QDD_ASSY.stp-1/626VV.stp-1;_TOTAL_WLMR_ASSY.stp-1/_RR_LEG_ASSY.stp-1/_UP_LINK_ASSY.stp-1/_QDD_ASSY.stp-1/CP_Gear_ASSY.stp-3;_TOTAL_WLMR_ASSY.stp-1/_RR_LEG_ASSY.stp-1/_UP_LINK_ASSY.stp-1/_QDD_ASSY.stp-1/CP_Gear_ASSY.stp-2;_TOTAL_WLMR_ASSY.stp-1/_RR_LEG_ASSY.stp-1/_UP_LINK_ASSY.stp-1/_QDD_ASSY.stp-1/Ring_gear_M1_0-64-5.stp-1;_TOTAL_WLMR_ASSY.stp-1/_RR_LEG_ASSY.stp-1/_UP_LINK_ASSY.stp-1/_QDD_ASSY.stp-1/GEABG1.0-12-10-K-6_b.stp-1;_TOTAL_WLMR_ASSY.stp-1/_RR_LEG_ASSY.stp-1/_UP_LINK_ASSY.stp-1/Tensioner_unit.stp-1/KS B 2023 - 696 - 6 x 15 x 5.stp-1;_TOTAL_WLMR_ASSY.stp-1/_RR_LEG_ASSY.stp-1/_UP_LINK_ASSY.stp-1/Tensioner_unit.stp-1/KS B 2023 - 696 - 6 x 15 x 5.stp-2;_TOTAL_WLMR_ASSY.stp-1/_RR_LEG_ASSY.stp-1/_UP_LINK_ASSY.stp-1/Tensioner_unit.stp-1/KS B 2023 - 696 - 6 x 15 x 5.stp-3;_TOTAL_WLMR_ASSY.stp-1/_RR_LEG_ASSY.stp-1/_UP_LINK_ASSY.stp-1/Tensioner_unit.stp-1/KS B 2023 - 696 - 6 x 15 x 5.stp-4;_TOTAL_WLMR_ASSY.stp-1/_RR_LEG_ASSY.stp-1/_UP_LINK_ASSY.stp-1/Tensioner_unit.stp-1/SCLBM6-58.0.stp-1;_TOTAL_WLMR_ASSY.stp-1/_RR_LEG_ASSY.stp-1/_UP_LINK_ASSY.stp-1/Tensioner_unit.stp-1/CLBUS6-9-11.stp-1;_TOTAL_WLMR_ASSY.stp-1/_RR_LEG_ASSY.stp-1/_UP_LINK_ASSY.stp-1/Tensioner_unit.stp-1/CLBUS6-9-11.stp-2;_TOTAL_WLMR_ASSY.stp-1/_RR_LEG_ASSY.stp-1/_UP_LINK_ASSY.stp-1/Tensioner_unit.stp-1/KS B 1326 - 3.5x9.stp-1;_TOTAL_WLMR_ASSY.stp-1/_RR_LEG_ASSY.stp-1/_UP_LINK_ASSY.stp-1/Tensioner_unit.stp-1/KS B 1326 - 3.5x9.stp-2;_TOTAL_WLMR_ASSY.stp-1/_RR_LEG_ASSY.stp-1/_UP_LINK_ASSY.stp-1/Tensioner_unit.stp-1/KS B 1324 - 번호 2 - 3.5.stp-1;_TOTAL_WLMR_ASSY.stp-1/_RR_LEG_ASSY.stp-1/_UP_LINK_ASSY.stp-1/Tensioner_unit.stp-1/KS B 1324 - 번호 2 - 3.5.stp-2;_TOTAL_WLMR_ASSY.stp-1/_RR_LEG_ASSY.stp-1/_UP_LINK_ASSY.stp-1/Tensioner_unit.stp-2/KS B 2023 - 696 - 6 x 15 x 5.stp-1;_TOTAL_WLMR_ASSY.stp-1/_RR_LEG_ASSY.stp-1/_UP_LINK_ASSY.stp-1/Tensioner_unit.stp-2/KS B 2023 - 696 - 6 x 15 x 5.stp-2;_TOTAL_WLMR_ASSY.stp-1/_RR_LEG_ASSY.stp-1/_UP_LINK_ASSY.stp-1/Tensioner_unit.stp-2/KS B 2023 - 696 - 6 x 15 x 5.stp-3;_TOTAL_WLMR_ASSY.stp-1/_RR_LEG_ASSY.stp-1/_UP_LINK_ASSY.stp-1/Tensioner_unit.stp-2/KS B 2023 - 696 - 6 x 15 x 5.stp-4;_TOTAL_WLMR_ASSY.stp-1/_RR_LEG_ASSY.stp-1/_UP_LINK_ASSY.stp-1/Tensioner_unit.stp-2/SCLBM6-58.0.stp-1;_TOTAL_WLMR_ASSY.stp-1/_RR_LEG_ASSY.stp-1/_UP_LINK_ASSY.stp-1/Tensioner_unit.stp-2/CLBUS6-9-11.stp-1;_TOTAL_WLMR_ASSY.stp-1/_RR_LEG_ASSY.stp-1/_UP_LINK_ASSY.stp-1/Tensioner_unit.stp-2/CLBUS6-9-11.stp-2;_TOTAL_WLMR_ASSY.stp-1/_RR_LEG_ASSY.stp-1/_UP_LINK_ASSY.stp-1/Tensioner_unit.stp-2/KS B 1326 - 3.5x9.stp-1;_TOTAL_WLMR_ASSY.stp-1/_RR_LEG_ASSY.stp-1/_UP_LINK_ASSY.stp-1/Tensioner_unit.stp-2/KS B 1326 - 3.5x9.stp-2;_TOTAL_WLMR_ASSY.stp-1/_RR_LEG_ASSY.stp-1/_UP_LINK_ASSY.stp-1/Tensioner_unit.stp-2/KS B 1324 - 번호 2 - 3.5.stp-1;_TOTAL_WLMR_ASSY.stp-1/_RR_LEG_ASSY.stp-1/_UP_LINK_ASSY.stp-1/Tensioner_unit.stp-2/KS B 1324 - 번호 2 - 3.5.stp-2;_TOTAL_WLMR_ASSY.stp-1/_RR_LEG_ASSY.stp-1/_UP_LINK_ASSY.stp-1/Upper_leg_part_01.stp-1;_TOTAL_WLMR_ASSY.stp-1/_RR_LEG_ASSY.stp-1/_UP_LINK_ASSY.stp-1/Upper_leg_part_02.stp-1;_TOTAL_WLMR_ASSY.stp-1/_RR_LEG_ASSY.stp-1/_UP_LINK_ASSY.stp-1/KP_output.stp-1;_TOTAL_WLMR_ASSY.stp-1/_RR_LEG_ASSY.stp-1/_UP_LINK_ASSY.stp-1/HTPB24S8M150-A-H12-ZTC36-ZM4_b.stp-1;_TOTAL_WLMR_ASSY.stp-1/_RR_LEG_ASSY.stp-1/_UP_LINK_ASSY.stp-1/FL6901ZZ.stp-1;_TOTAL_WLMR_ASSY.stp-1/_RR_LEG_ASSY.stp-1/_UP_LINK_ASSY.stp-1/FL6901ZZ.stp-2;_TOTAL_WLMR_ASSY.stp-1/_RR_LEG_ASSY.stp-1/_UP_LINK_ASSY.stp-1/Magnet_P5_5_T2_5.stp-1;_TOTAL_WLMR_ASSY.stp-1/_RR_LEG_ASSY.stp-1/_UP_LINK_ASSY.stp-1/Upper_leg_support.stp-1;_TOTAL_WLMR_ASSY.stp-1/_RR_LEG_ASSY.stp-1/_UP_LINK_ASSY.stp-1/Upper_leg_support.stp-2;_TOTAL_WLMR_ASSY.stp-1/_RR_LEG_ASSY.stp-1/_UP_LINK_ASSY.stp-1/Upper_leg_support.stp-4;_TOTAL_WLMR_ASSY.stp-1/_RR_LEG_ASSY.stp-1/_UP_LINK_ASSY.stp-1/Upper_leg_support.stp-5;_TOTAL_WLMR_ASSY.stp-1/_RR_LEG_ASSY.stp-1/_UP_LINK_ASSY.stp-1/Upper_leg_support.stp-3;_TOTAL_WLMR_ASSY.stp-1/_RR_LEG_ASSY.stp-1/_UP_LINK_ASSY.stp-1/Upper_leg_support.stp-6;_TOTAL_WLMR_ASSY.stp-1/_RR_LEG_ASSY.stp-1/_UP_LINK_ASSY.stp-1/KP_shaft.stp-1;_TOTAL_WLMR_ASSY.stp-1/_RR_LEG_ASSY.stp-1/_UP_LINK_ASSY.stp-1/CLBUS12-15-3.5.stp-1;_TOTAL_WLMR_ASSY.stp-1/_RR_LEG_ASSY.stp-1/_UP_LINK_ASSY.stp-1/CLBUS12-15-3.5.stp-2;_TOTAL_WLMR_ASSY.stp-1/_RR_LEG_ASSY.stp-1/_UP_LINK_ASSY.stp-1/CLBUS12-15-3.5.stp-3;_TOTAL_WLMR_ASSY.stp-1/_RR_LEG_ASSY.stp-1/_UP_LINK_ASSY.stp-1/AS5048A-EK-AB_1.stp-1;_TOTAL_WLMR_ASSY.stp-1/_RR_LEG_ASSY.stp-1/_UP_LINK_ASSY.stp-1/Magnet_P5_5_T2_5.stp-2;_TOTAL_WLMR_ASSY.stp-1/_RR_LEG_ASSY.stp-1/_UP_LINK_ASSY.stp-1/AS5048B_mount_02_1.stp-1;_TOTAL_WLMR_ASSY.stp-1/_RR_LEG_ASSY.stp-1/_UP_LINK_ASSY.stp-1/Timing_Belt.stp-1,LF_hp_coor,LF_hp_axis,LF_hp_joint,revolute,0.07,0.0636,0,0,0,0,LF_hr,0,-1,0,0,0,0,0,,,,,,,,
LF_k,-0.112850655688754,0.00117399751274616,-0.00247273907539436,0,0,0,0.198464848924009,3.8426290181491E-05,-1.02195218814259E-06,-2.45787343398481E-06,0.000174670488768274,-2.23926078139554E-08,0.000150547481060215,0,0,0,0,0,0,package://wheelleg_description_ver12/meshes/LF_k.STL,0.752941176470588,0.752941176470588,0.752941176470588,1,0,0,0,0,0,0,package://wheelleg_description_ver12/meshes/LF_k.STL,,_TOTAL_WLMR_ASSY.stp-1/_RR_LEG_ASSY.stp-1/_LOW_LINK_ASSY.stp-1/HTPB24S8M150-A-P12-QTC36-M4.stp-1/HTPB24S8M150-A-P12-QTC36-M4_b.stp-1;_TOTAL_WLMR_ASSY.stp-1/_RR_LEG_ASSY.stp-1/_LOW_LINK_ASSY.stp-1/HTPB24S8M150-A-P12-QTC36-M4.stp-1/SET-SCREW4-3.stp-2;_TOTAL_WLMR_ASSY.stp-1/_RR_LEG_ASSY.stp-1/_LOW_LINK_ASSY.stp-1/HTPB24S8M150-A-P12-QTC36-M4.stp-1/SET-SCREW4-3.stp-1;_TOTAL_WLMR_ASSY.stp-1/_RR_LEG_ASSY.stp-1/_LOW_LINK_ASSY.stp-1/_Wheel_unit.stp-1/Wheel_mount_part_01.stp-1;_TOTAL_WLMR_ASSY.stp-1/_RR_LEG_ASSY.stp-1/_LOW_LINK_ASSY.stp-1/_Wheel_unit.stp-1/Wheel_mount_part_02.stp-1;_TOTAL_WLMR_ASSY.stp-1/_RR_LEG_ASSY.stp-1/_LOW_LINK_ASSY.stp-1/_Wheel_unit.stp-1/Wheel_mount_part_03.stp-1;_TOTAL_WLMR_ASSY.stp-1/_RR_LEG_ASSY.stp-1/_LOW_LINK_ASSY.stp-1/Lower_leg_part_01.stp-1;_TOTAL_WLMR_ASSY.stp-1/_RR_LEG_ASSY.stp-1/_LOW_LINK_ASSY.stp-1/Lower_leg_part_01.stp-2;_TOTAL_WLMR_ASSY.stp-1/_RR_LEG_ASSY.stp-1/_LOW_LINK_ASSY.stp-1/Lower_leg_part_02.stp-1;_TOTAL_WLMR_ASSY.stp-1/_RR_LEG_ASSY.stp-1/_LOW_LINK_ASSY.stp-1/Carbon_rod.stp-1;_TOTAL_WLMR_ASSY.stp-1/_RR_LEG_ASSY.stp-1/_LOW_LINK_ASSY.stp-1/Lower_leg_part_04.stp-1,LF_k_coor,LF_k_axis,LF_k_joint,revolute,0.0020916,0.029,-0.29999,0,-1.5533,0,LF_hp,0,-1,0,0,0,0,0,,,,,,,,
LF_w,2.00787497739441E-10,0.00227619266425716,-9.57534052048459E-12,0,0,0,0.736836125439235,0.000501009398610274,-5.31845815699741E-13,-2.65736145664147E-09,0.000781598953029627,2.49681135998751E-14,0.000501006438477364,0,0,0,0,0,0,package://wheelleg_description_ver12/meshes/LF_w.STL,0.313725490196078,0.313725490196078,0.313725490196078,1,0,0,0,0,0,0,package://wheelleg_description_ver12/meshes/LF_w.STL,,_TOTAL_WLMR_ASSY.stp-1/_RR_LEG_ASSY.stp-1/6inch_mecanum_inwheel_motor.stp-1/Hub.stp-1;_TOTAL_WLMR_ASSY.stp-1/_RR_LEG_ASSY.stp-1/6inch_mecanum_inwheel_motor.stp-1/Roller_mount_guard_MIR.stp-16;_TOTAL_WLMR_ASSY.stp-1/_RR_LEG_ASSY.stp-1/6inch_mecanum_inwheel_motor.stp-1/Roller_mount_guard_MIR.stp-15;_TOTAL_WLMR_ASSY.stp-1/_RR_LEG_ASSY.stp-1/6inch_mecanum_inwheel_motor.stp-1/Roller_mount_guard_MIR.stp-14;_TOTAL_WLMR_ASSY.stp-1/_RR_LEG_ASSY.stp-1/6inch_mecanum_inwheel_motor.stp-1/Roller_mount_guard_MIR.stp-13;_TOTAL_WLMR_ASSY.stp-1/_RR_LEG_ASSY.stp-1/6inch_mecanum_inwheel_motor.stp-1/Roller_mount_guard_MIR.stp-12;_TOTAL_WLMR_ASSY.stp-1/_RR_LEG_ASSY.stp-1/6inch_mecanum_inwheel_motor.stp-1/Roller_mount_guard_MIR.stp-11;_TOTAL_WLMR_ASSY.stp-1/_RR_LEG_ASSY.stp-1/6inch_mecanum_inwheel_motor.stp-1/Roller_mount_guard_MIR.stp-10;_TOTAL_WLMR_ASSY.stp-1/_RR_LEG_ASSY.stp-1/6inch_mecanum_inwheel_motor.stp-1/Roller_mount_guard_MIR.stp-9;_TOTAL_WLMR_ASSY.stp-1/_RR_LEG_ASSY.stp-1/6inch_mecanum_inwheel_motor.stp-1/Roller_mount_guard_MIR.stp-8;_TOTAL_WLMR_ASSY.stp-1/_RR_LEG_ASSY.stp-1/6inch_mecanum_inwheel_motor.stp-1/Roller_mount_guard_MIR.stp-7;_TOTAL_WLMR_ASSY.stp-1/_RR_LEG_ASSY.stp-1/6inch_mecanum_inwheel_motor.stp-1/Roller_mount_guard_MIR.stp-6;_TOTAL_WLMR_ASSY.stp-1/_RR_LEG_ASSY.stp-1/6inch_mecanum_inwheel_motor.stp-1/Roller_mount_guard_MIR.stp-5;_TOTAL_WLMR_ASSY.stp-1/_RR_LEG_ASSY.stp-1/6inch_mecanum_inwheel_motor.stp-1/Roller_mount_guard_MIR.stp-4;_TOTAL_WLMR_ASSY.stp-1/_RR_LEG_ASSY.stp-1/6inch_mecanum_inwheel_motor.stp-1/Roller_mount_guard_MIR.stp-3;_TOTAL_WLMR_ASSY.stp-1/_RR_LEG_ASSY.stp-1/6inch_mecanum_inwheel_motor.stp-1/Roller_mount_guard_MIR.stp-2;_TOTAL_WLMR_ASSY.stp-1/_RR_LEG_ASSY.stp-1/6inch_mecanum_inwheel_motor.stp-1/Roller_mount_guard_MIR.stp-1;_TOTAL_WLMR_ASSY.stp-1/_RR_LEG_ASSY.stp-1/6inch_mecanum_inwheel_motor.stp-1/Roller_mount_guard.stp-16;_TOTAL_WLMR_ASSY.stp-1/_RR_LEG_ASSY.stp-1/6inch_mecanum_inwheel_motor.stp-1/Roller_mount_guard.stp-15;_TOTAL_WLMR_ASSY.stp-1/_RR_LEG_ASSY.stp-1/6inch_mecanum_inwheel_motor.stp-1/Roller_mount_guard.stp-14;_TOTAL_WLMR_ASSY.stp-1/_RR_LEG_ASSY.stp-1/6inch_mecanum_inwheel_motor.stp-1/Roller_mount_guard.stp-13;_TOTAL_WLMR_ASSY.stp-1/_RR_LEG_ASSY.stp-1/6inch_mecanum_inwheel_motor.stp-1/Roller_mount_guard.stp-12;_TOTAL_WLMR_ASSY.stp-1/_RR_LEG_ASSY.stp-1/6inch_mecanum_inwheel_motor.stp-1/Roller_mount_guard.stp-11;_TOTAL_WLMR_ASSY.stp-1/_RR_LEG_ASSY.stp-1/6inch_mecanum_inwheel_motor.stp-1/Roller_mount_guard.stp-10;_TOTAL_WLMR_ASSY.stp-1/_RR_LEG_ASSY.stp-1/6inch_mecanum_inwheel_motor.stp-1/Roller_mount_guard.stp-9;_TOTAL_WLMR_ASSY.stp-1/_RR_LEG_ASSY.stp-1/6inch_mecanum_inwheel_motor.stp-1/Roller_mount_guard.stp-8;_TOTAL_WLMR_ASSY.stp-1/_RR_LEG_ASSY.stp-1/6inch_mecanum_inwheel_motor.stp-1/Roller_mount_guard.stp-7;_TOTAL_WLMR_ASSY.stp-1/_RR_LEG_ASSY.stp-1/6inch_mecanum_inwheel_motor.stp-1/Roller_mount_guard.stp-6;_TOTAL_WLMR_ASSY.stp-1/_RR_LEG_ASSY.stp-1/6inch_mecanum_inwheel_motor.stp-1/Roller_mount_guard.stp-5;_TOTAL_WLMR_ASSY.stp-1/_RR_LEG_ASSY.stp-1/6inch_mecanum_inwheel_motor.stp-1/Roller_mount_guard.stp-4;_TOTAL_WLMR_ASSY.stp-1/_RR_LEG_ASSY.stp-1/6inch_mecanum_inwheel_motor.stp-1/Roller_mount_guard.stp-3;_TOTAL_WLMR_ASSY.stp-1/_RR_LEG_ASSY.stp-1/6inch_mecanum_inwheel_motor.stp-1/Roller_mount_guard.stp-2;_TOTAL_WLMR_ASSY.stp-1/_RR_LEG_ASSY.stp-1/6inch_mecanum_inwheel_motor.stp-1/Roller_mount_guard.stp-1;_TOTAL_WLMR_ASSY.stp-1/_RR_LEG_ASSY.stp-1/6inch_mecanum_inwheel_motor.stp-1/Rim.stp-1;_TOTAL_WLMR_ASSY.stp-1/_RR_LEG_ASSY.stp-1/6inch_mecanum_inwheel_motor.stp-1/Frontal_cover.stp-1;_TOTAL_WLMR_ASSY.stp-1/_RR_LEG_ASSY.stp-1/6inch_mecanum_inwheel_motor.stp-1/roller ASSY.stp-1/roller.stp-1;_TOTAL_WLMR_ASSY.stp-1/_RR_LEG_ASSY.stp-1/6inch_mecanum_inwheel_motor.stp-1/roller ASSY.stp-1/roller.stp-2;_TOTAL_WLMR_ASSY.stp-1/_RR_LEG_ASSY.stp-1/6inch_mecanum_inwheel_motor.stp-1/roller ASSY.stp-1/roller.stp-3;_TOTAL_WLMR_ASSY.stp-1/_RR_LEG_ASSY.stp-1/6inch_mecanum_inwheel_motor.stp-1/roller ASSY.stp-1/roller.stp-4;_TOTAL_WLMR_ASSY.stp-1/_RR_LEG_ASSY.stp-1/6inch_mecanum_inwheel_motor.stp-1/roller ASSY.stp-1/roller.stp-5;_TOTAL_WLMR_ASSY.stp-1/_RR_LEG_ASSY.stp-1/6inch_mecanum_inwheel_motor.stp-1/roller ASSY.stp-1/roller.stp-7;_TOTAL_WLMR_ASSY.stp-1/_RR_LEG_ASSY.stp-1/6inch_mecanum_inwheel_motor.stp-1/roller ASSY.stp-1/roller.stp-8;_TOTAL_WLMR_ASSY.stp-1/_RR_LEG_ASSY.stp-1/6inch_mecanum_inwheel_motor.stp-1/roller ASSY.stp-1/roller.stp-9;_TOTAL_WLMR_ASSY.stp-1/_RR_LEG_ASSY.stp-1/6inch_mecanum_inwheel_motor.stp-1/roller ASSY.stp-1/roller.stp-10;_TOTAL_WLMR_ASSY.stp-1/_RR_LEG_ASSY.stp-1/6inch_mecanum_inwheel_motor.stp-1/roller ASSY.stp-1/roller.stp-6;_TOTAL_WLMR_ASSY.stp-1/_RR_LEG_ASSY.stp-1/6inch_mecanum_inwheel_motor.stp-1/roller ASSY.stp-1/roller.stp-11;_TOTAL_WLMR_ASSY.stp-1/_RR_LEG_ASSY.stp-1/6inch_mecanum_inwheel_motor.stp-1/roller ASSY.stp-1/roller.stp-12;_TOTAL_WLMR_ASSY.stp-1/_RR_LEG_ASSY.stp-1/6inch_mecanum_inwheel_motor.stp-1/roller ASSY.stp-1/roller.stp-13;_TOTAL_WLMR_ASSY.stp-1/_RR_LEG_ASSY.stp-1/6inch_mecanum_inwheel_motor.stp-1/roller ASSY.stp-1/roller.stp-14;_TOTAL_WLMR_ASSY.stp-1/_RR_LEG_ASSY.stp-1/6inch_mecanum_inwheel_motor.stp-1/roller ASSY.stp-1/roller.stp-15;_TOTAL_WLMR_ASSY.stp-1/_RR_LEG_ASSY.stp-1/6inch_mecanum_inwheel_motor.stp-1/roller ASSY.stp-1/roller.stp-16,LF_w_coor,LF_w_axis,LF_w_joint,continuous,-0.30993,0.0445,-0.0067909,0,-0.017542,0,LF_k,0,-1,0,,,,,,,,,,,,
RF_hr,0.0245547394831418,-0.0122949755194758,-8.46309781258655E-05,0,0,0,0.577928765321086,0.000583453587938907,3.97412814108162E-07,-1.48221035827132E-08,0.000586245308829157,4.01017269066758E-07,0.000394832457952154,0,0,0,0,0,0,package://wheelleg_description_ver12/meshes/RF_hr.STL,0.752941176470588,0.752941176470588,0.752941176470588,1,0,0,0,0,0,0,package://wheelleg_description_ver12/meshes/RF_hr.STL,,_TOTAL_WLMR_ASSY.stp-1/_LR_LEG_ASSY.stp-1/_HIP_ASSY_MIR.stp-1/_QDD_ASSY.stp-1/CP_Gear_ASSY.stp-1;_TOTAL_WLMR_ASSY.stp-1/_LR_LEG_ASSY.stp-1/_HIP_ASSY_MIR.stp-1/_QDD_ASSY.stp-1/Controller_cover.stp-1;_TOTAL_WLMR_ASSY.stp-1/_LR_LEG_ASSY.stp-1/_HIP_ASSY_MIR.stp-1/_QDD_ASSY.stp-1/Magnet_3T_6.stp-1;_TOTAL_WLMR_ASSY.stp-1/_LR_LEG_ASSY.stp-1/_HIP_ASSY_MIR.stp-1/_QDD_ASSY.stp-1/_Moteus_controller_r4.8.stp-1;_TOTAL_WLMR_ASSY.stp-1/_LR_LEG_ASSY.stp-1/_HIP_ASSY_MIR.stp-1/_QDD_ASSY.stp-1/Outer_cover_part_03.stp-1;_TOTAL_WLMR_ASSY.stp-1/_LR_LEG_ASSY.stp-1/_HIP_ASSY_MIR.stp-1/_QDD_ASSY.stp-1/Outer_cover_part_02.stp-1;_TOTAL_WLMR_ASSY.stp-1/_LR_LEG_ASSY.stp-1/_HIP_ASSY_MIR.stp-1/_QDD_ASSY.stp-1/Magnet_Cap.stp-1;_TOTAL_WLMR_ASSY.stp-1/_LR_LEG_ASSY.stp-1/_HIP_ASSY_MIR.stp-1/_QDD_ASSY.stp-1/Outer_cover_part_01.stp-1;_TOTAL_WLMR_ASSY.stp-1/_LR_LEG_ASSY.stp-1/_HIP_ASSY_MIR.stp-1/_QDD_ASSY.stp-1/FL6900ZZ.stp-1;_TOTAL_WLMR_ASSY.stp-1/_LR_LEG_ASSY.stp-1/_HIP_ASSY_MIR.stp-1/_QDD_ASSY.stp-1/input_shaft.stp-1;_TOTAL_WLMR_ASSY.stp-1/_LR_LEG_ASSY.stp-1/_HIP_ASSY_MIR.stp-1/_QDD_ASSY.stp-1/Carrier_support.stp-3;_TOTAL_WLMR_ASSY.stp-1/_LR_LEG_ASSY.stp-1/_HIP_ASSY_MIR.stp-1/_QDD_ASSY.stp-1/Carrier_support.stp-2;_TOTAL_WLMR_ASSY.stp-1/_LR_LEG_ASSY.stp-1/_HIP_ASSY_MIR.stp-1/_QDD_ASSY.stp-1/Carrier_support.stp-1;_TOTAL_WLMR_ASSY.stp-1/_LR_LEG_ASSY.stp-1/_HIP_ASSY_MIR.stp-1/_QDD_ASSY.stp-1/Carrier_part_a_b.stp-1;_TOTAL_WLMR_ASSY.stp-1/_LR_LEG_ASSY.stp-1/_HIP_ASSY_MIR.stp-1/_QDD_ASSY.stp-1/Carrier_part_a.stp-1;_TOTAL_WLMR_ASSY.stp-1/_LR_LEG_ASSY.stp-1/_HIP_ASSY_MIR.stp-1/_QDD_ASSY.stp-1/MOTOR MN1005 ASSY.stp-1;_TOTAL_WLMR_ASSY.stp-1/_LR_LEG_ASSY.stp-1/_HIP_ASSY_MIR.stp-1/_QDD_ASSY.stp-1/6706.stp-1;_TOTAL_WLMR_ASSY.stp-1/_LR_LEG_ASSY.stp-1/_HIP_ASSY_MIR.stp-1/_QDD_ASSY.stp-1/626VV.stp-1;_TOTAL_WLMR_ASSY.stp-1/_LR_LEG_ASSY.stp-1/_HIP_ASSY_MIR.stp-1/_QDD_ASSY.stp-1/CP_Gear_ASSY.stp-3;_TOTAL_WLMR_ASSY.stp-1/_LR_LEG_ASSY.stp-1/_HIP_ASSY_MIR.stp-1/_QDD_ASSY.stp-1/CP_Gear_ASSY.stp-2;_TOTAL_WLMR_ASSY.stp-1/_LR_LEG_ASSY.stp-1/_HIP_ASSY_MIR.stp-1/_QDD_ASSY.stp-1/Ring_gear_M1_0-64-5.stp-1;_TOTAL_WLMR_ASSY.stp-1/_LR_LEG_ASSY.stp-1/_HIP_ASSY_MIR.stp-1/_QDD_ASSY.stp-1/GEABG1.0-12-10-K-6_b.stp-1;_TOTAL_WLMR_ASSY.stp-1/_LR_LEG_ASSY.stp-1/_HIP_ASSY_MIR.stp-1/_QDD_ASSY.stp-2/CP_Gear_ASSY.stp-1;_TOTAL_WLMR_ASSY.stp-1/_LR_LEG_ASSY.stp-1/_HIP_ASSY_MIR.stp-1/_QDD_ASSY.stp-2/CP_Gear_ASSY.stp-2;_TOTAL_WLMR_ASSY.stp-1/_LR_LEG_ASSY.stp-1/_HIP_ASSY_MIR.stp-1/_QDD_ASSY.stp-2/CP_Gear_ASSY.stp-3;_TOTAL_WLMR_ASSY.stp-1/_LR_LEG_ASSY.stp-1/_HIP_ASSY_MIR.stp-1/_QDD_ASSY.stp-2/626VV.stp-1;_TOTAL_WLMR_ASSY.stp-1/_LR_LEG_ASSY.stp-1/_HIP_ASSY_MIR.stp-1/_QDD_ASSY.stp-2/6706.stp-1;_TOTAL_WLMR_ASSY.stp-1/_LR_LEG_ASSY.stp-1/_HIP_ASSY_MIR.stp-1/_QDD_ASSY.stp-2/MOTOR MN1005 ASSY.stp-1;_TOTAL_WLMR_ASSY.stp-1/_LR_LEG_ASSY.stp-1/_HIP_ASSY_MIR.stp-1/_QDD_ASSY.stp-2/Carrier_part_a.stp-1;_TOTAL_WLMR_ASSY.stp-1/_LR_LEG_ASSY.stp-1/_HIP_ASSY_MIR.stp-1/_QDD_ASSY.stp-2/Carrier_part_a_b.stp-1;_TOTAL_WLMR_ASSY.stp-1/_LR_LEG_ASSY.stp-1/_HIP_ASSY_MIR.stp-1/_QDD_ASSY.stp-2/Carrier_support.stp-1;_TOTAL_WLMR_ASSY.stp-1/_LR_LEG_ASSY.stp-1/_HIP_ASSY_MIR.stp-1/_QDD_ASSY.stp-2/Carrier_support.stp-2;_TOTAL_WLMR_ASSY.stp-1/_LR_LEG_ASSY.stp-1/_HIP_ASSY_MIR.stp-1/_QDD_ASSY.stp-2/Carrier_support.stp-3;_TOTAL_WLMR_ASSY.stp-1/_LR_LEG_ASSY.stp-1/_HIP_ASSY_MIR.stp-1/_QDD_ASSY.stp-2/input_shaft.stp-1;_TOTAL_WLMR_ASSY.stp-1/_LR_LEG_ASSY.stp-1/_HIP_ASSY_MIR.stp-1/_QDD_ASSY.stp-2/FL6900ZZ.stp-1;_TOTAL_WLMR_ASSY.stp-1/_LR_LEG_ASSY.stp-1/_HIP_ASSY_MIR.stp-1/_QDD_ASSY.stp-2/Outer_cover_part_01.stp-1;_TOTAL_WLMR_ASSY.stp-1/_LR_LEG_ASSY.stp-1/_HIP_ASSY_MIR.stp-1/_QDD_ASSY.stp-2/Magnet_Cap.stp-1;_TOTAL_WLMR_ASSY.stp-1/_LR_LEG_ASSY.stp-1/_HIP_ASSY_MIR.stp-1/_QDD_ASSY.stp-2/Outer_cover_part_02.stp-1;_TOTAL_WLMR_ASSY.stp-1/_LR_LEG_ASSY.stp-1/_HIP_ASSY_MIR.stp-1/_QDD_ASSY.stp-2/Outer_cover_part_03.stp-1;_TOTAL_WLMR_ASSY.stp-1/_LR_LEG_ASSY.stp-1/_HIP_ASSY_MIR.stp-1/_QDD_ASSY.stp-2/_Moteus_controller_r4.8.stp-1;_TOTAL_WLMR_ASSY.stp-1/_LR_LEG_ASSY.stp-1/_HIP_ASSY_MIR.stp-1/_QDD_ASSY.stp-2/Magnet_3T_6.stp-1;_TOTAL_WLMR_ASSY.stp-1/_LR_LEG_ASSY.stp-1/_HIP_ASSY_MIR.stp-1/_QDD_ASSY.stp-2/Controller_cover.stp-1;_TOTAL_WLMR_ASSY.stp-1/_LR_LEG_ASSY.stp-1/_HIP_ASSY_MIR.stp-1/_QDD_ASSY.stp-2/Ring_gear_M1_0-64-5.stp-1;_TOTAL_WLMR_ASSY.stp-1/_LR_LEG_ASSY.stp-1/_HIP_ASSY_MIR.stp-1/_QDD_ASSY.stp-2/GEABG1.0-12-10-K-6_b.stp-1;_TOTAL_WLMR_ASSY.stp-1/_LR_LEG_ASSY.stp-1/_HIP_ASSY_MIR.stp-1/HR_output.stp-1;_TOTAL_WLMR_ASSY.stp-1/_LR_LEG_ASSY.stp-1/_HIP_ASSY_MIR.stp-1/HR_mount_part_01.stp-1;_TOTAL_WLMR_ASSY.stp-1/_LR_LEG_ASSY.stp-1/_HIP_ASSY_MIR.stp-1/HR_mount_part_01.stp-2;_TOTAL_WLMR_ASSY.stp-1/_LR_LEG_ASSY.stp-1/_HIP_ASSY_MIR.stp-1/HR_bearing_mount.stp-1;_TOTAL_WLMR_ASSY.stp-1/_LR_LEG_ASSY.stp-1/_HIP_ASSY_MIR.stp-1/C-E6905ZZ.stp-1;_TOTAL_WLMR_ASSY.stp-1/_LR_LEG_ASSY.stp-1/_HIP_ASSY_MIR.stp-1/Magnet_P5_5_T2_5_1.stp-1,RF_hr_coor,RF_hr_axis,RF_hr_joint,revolute,0.2496,-0.065,0,0,0,0,base_link,-1,0,0,0,0,0,0,,,,,,,,
RF_hp,0.000512051863035379,-0.051697627908871,-0.0801939218716638,0,0,0,0.657880483360805,0.00298563500987998,2.97198903500265E-09,1.6942907650999E-05,0.00327753554959869,-4.80653823745764E-07,0.000329069795746094,0,0,0,0,0,0,package://wheelleg_description_ver12/meshes/RF_hp.STL,0.752941176470588,0.752941176470588,0.752941176470588,1,0,0,0,0,0,0,package://wheelleg_description_ver12/meshes/RF_hp.STL,,_TOTAL_WLMR_ASSY.stp-1/_LR_LEG_ASSY.stp-1/_UP_LINK_ASSY.stp-1/_QDD_ASSY.stp-1/CP_Gear_ASSY.stp-1;_TOTAL_WLMR_ASSY.stp-1/_LR_LEG_ASSY.stp-1/_UP_LINK_ASSY.stp-1/_QDD_ASSY.stp-1/Controller_cover.stp-1;_TOTAL_WLMR_ASSY.stp-1/_LR_LEG_ASSY.stp-1/_UP_LINK_ASSY.stp-1/_QDD_ASSY.stp-1/Magnet_3T_6.stp-1;_TOTAL_WLMR_ASSY.stp-1/_LR_LEG_ASSY.stp-1/_UP_LINK_ASSY.stp-1/_QDD_ASSY.stp-1/_Moteus_controller_r4.8.stp-1;_TOTAL_WLMR_ASSY.stp-1/_LR_LEG_ASSY.stp-1/_UP_LINK_ASSY.stp-1/_QDD_ASSY.stp-1/Outer_cover_part_03.stp-1;_TOTAL_WLMR_ASSY.stp-1/_LR_LEG_ASSY.stp-1/_UP_LINK_ASSY.stp-1/_QDD_ASSY.stp-1/Outer_cover_part_02.stp-1;_TOTAL_WLMR_ASSY.stp-1/_LR_LEG_ASSY.stp-1/_UP_LINK_ASSY.stp-1/_QDD_ASSY.stp-1/Magnet_Cap.stp-1;_TOTAL_WLMR_ASSY.stp-1/_LR_LEG_ASSY.stp-1/_UP_LINK_ASSY.stp-1/_QDD_ASSY.stp-1/Outer_cover_part_01.stp-1;_TOTAL_WLMR_ASSY.stp-1/_LR_LEG_ASSY.stp-1/_UP_LINK_ASSY.stp-1/_QDD_ASSY.stp-1/FL6900ZZ.stp-1;_TOTAL_WLMR_ASSY.stp-1/_LR_LEG_ASSY.stp-1/_UP_LINK_ASSY.stp-1/_QDD_ASSY.stp-1/input_shaft.stp-1;_TOTAL_WLMR_ASSY.stp-1/_LR_LEG_ASSY.stp-1/_UP_LINK_ASSY.stp-1/_QDD_ASSY.stp-1/Carrier_support.stp-3;_TOTAL_WLMR_ASSY.stp-1/_LR_LEG_ASSY.stp-1/_UP_LINK_ASSY.stp-1/_QDD_ASSY.stp-1/Carrier_support.stp-2;_TOTAL_WLMR_ASSY.stp-1/_LR_LEG_ASSY.stp-1/_UP_LINK_ASSY.stp-1/_QDD_ASSY.stp-1/Carrier_support.stp-1;_TOTAL_WLMR_ASSY.stp-1/_LR_LEG_ASSY.stp-1/_UP_LINK_ASSY.stp-1/_QDD_ASSY.stp-1/Carrier_part_a_b.stp-1;_TOTAL_WLMR_ASSY.stp-1/_LR_LEG_ASSY.stp-1/_UP_LINK_ASSY.stp-1/_QDD_ASSY.stp-1/Carrier_part_a.stp-1;_TOTAL_WLMR_ASSY.stp-1/_LR_LEG_ASSY.stp-1/_UP_LINK_ASSY.stp-1/_QDD_ASSY.stp-1/MOTOR MN1005 ASSY.stp-1;_TOTAL_WLMR_ASSY.stp-1/_LR_LEG_ASSY.stp-1/_UP_LINK_ASSY.stp-1/_QDD_ASSY.stp-1/6706.stp-1;_TOTAL_WLMR_ASSY.stp-1/_LR_LEG_ASSY.stp-1/_UP_LINK_ASSY.stp-1/_QDD_ASSY.stp-1/626VV.stp-1;_TOTAL_WLMR_ASSY.stp-1/_LR_LEG_ASSY.stp-1/_UP_LINK_ASSY.stp-1/_QDD_ASSY.stp-1/CP_Gear_ASSY.stp-3;_TOTAL_WLMR_ASSY.stp-1/_LR_LEG_ASSY.stp-1/_UP_LINK_ASSY.stp-1/_QDD_ASSY.stp-1/CP_Gear_ASSY.stp-2;_TOTAL_WLMR_ASSY.stp-1/_LR_LEG_ASSY.stp-1/_UP_LINK_ASSY.stp-1/_QDD_ASSY.stp-1/Ring_gear_M1_0-64-5.stp-1;_TOTAL_WLMR_ASSY.stp-1/_LR_LEG_ASSY.stp-1/_UP_LINK_ASSY.stp-1/_QDD_ASSY.stp-1/GEABG1.0-12-10-K-6_b.stp-1;_TOTAL_WLMR_ASSY.stp-1/_LR_LEG_ASSY.stp-1/_UP_LINK_ASSY.stp-1/Tensioner_unit.stp-1/KS B 2023 - 696 - 6 x 15 x 5.stp-1;_TOTAL_WLMR_ASSY.stp-1/_LR_LEG_ASSY.stp-1/_UP_LINK_ASSY.stp-1/Tensioner_unit.stp-1/KS B 2023 - 696 - 6 x 15 x 5.stp-2;_TOTAL_WLMR_ASSY.stp-1/_LR_LEG_ASSY.stp-1/_UP_LINK_ASSY.stp-1/Tensioner_unit.stp-1/KS B 2023 - 696 - 6 x 15 x 5.stp-3;_TOTAL_WLMR_ASSY.stp-1/_LR_LEG_ASSY.stp-1/_UP_LINK_ASSY.stp-1/Tensioner_unit.stp-1/KS B 2023 - 696 - 6 x 15 x 5.stp-4;_TOTAL_WLMR_ASSY.stp-1/_LR_LEG_ASSY.stp-1/_UP_LINK_ASSY.stp-1/Tensioner_unit.stp-1/SCLBM6-58.0.stp-1;_TOTAL_WLMR_ASSY.stp-1/_LR_LEG_ASSY.stp-1/_UP_LINK_ASSY.stp-1/Tensioner_unit.stp-1/CLBUS6-9-11.stp-1;_TOTAL_WLMR_ASSY.stp-1/_LR_LEG_ASSY.stp-1/_UP_LINK_ASSY.stp-1/Tensioner_unit.stp-1/CLBUS6-9-11.stp-2;_TOTAL_WLMR_ASSY.stp-1/_LR_LEG_ASSY.stp-1/_UP_LINK_ASSY.stp-1/Tensioner_unit.stp-1/KS B 1326 - 3.5x9.stp-1;_TOTAL_WLMR_ASSY.stp-1/_LR_LEG_ASSY.stp-1/_UP_LINK_ASSY.stp-1/Tensioner_unit.stp-1/KS B 1326 - 3.5x9.stp-2;_TOTAL_WLMR_ASSY.stp-1/_LR_LEG_ASSY.stp-1/_UP_LINK_ASSY.stp-1/Tensioner_unit.stp-1/KS B 1324 - 번호 2 - 3.5.stp-1;_TOTAL_WLMR_ASSY.stp-1/_LR_LEG_ASSY.stp-1/_UP_LINK_ASSY.stp-1/Tensioner_unit.stp-1/KS B 1324 - 번호 2 - 3.5.stp-2;_TOTAL_WLMR_ASSY.stp-1/_LR_LEG_ASSY.stp-1/_UP_LINK_ASSY.stp-1/Tensioner_unit.stp-2/KS B 2023 - 696 - 6 x 15 x 5.stp-1;_TOTAL_WLMR_ASSY.stp-1/_LR_LEG_ASSY.stp-1/_UP_LINK_ASSY.stp-1/Tensioner_unit.stp-2/KS B 2023 - 696 - 6 x 15 x 5.stp-2;_TOTAL_WLMR_ASSY.stp-1/_LR_LEG_ASSY.stp-1/_UP_LINK_ASSY.stp-1/Tensioner_unit.stp-2/KS B 2023 - 696 - 6 x 15 x 5.stp-3;_TOTAL_WLMR_ASSY.stp-1/_LR_LEG_ASSY.stp-1/_UP_LINK_ASSY.stp-1/Tensioner_unit.stp-2/KS B 2023 - 696 - 6 x 15 x 5.stp-4;_TOTAL_WLMR_ASSY.stp-1/_LR_LEG_ASSY.stp-1/_UP_LINK_ASSY.stp-1/Tensioner_unit.stp-2/SCLBM6-58.0.stp-1;_TOTAL_WLMR_ASSY.stp-1/_LR_LEG_ASSY.stp-1/_UP_LINK_ASSY.stp-1/Tensioner_unit.stp-2/CLBUS6-9-11.stp-1;_TOTAL_WLMR_ASSY.stp-1/_LR_LEG_ASSY.stp-1/_UP_LINK_ASSY.stp-1/Tensioner_unit.stp-2/CLBUS6-9-11.stp-2;_TOTAL_WLMR_ASSY.stp-1/_LR_LEG_ASSY.stp-1/_UP_LINK_ASSY.stp-1/Tensioner_unit.stp-2/KS B 1326 - 3.5x9.stp-1;_TOTAL_WLMR_ASSY.stp-1/_LR_LEG_ASSY.stp-1/_UP_LINK_ASSY.stp-1/Tensioner_unit.stp-2/KS B 1326 - 3.5x9.stp-2;_TOTAL_WLMR_ASSY.stp-1/_LR_LEG_ASSY.stp-1/_UP_LINK_ASSY.stp-1/Tensioner_unit.stp-2/KS B 1324 - 번호 2 - 3.5.stp-1;_TOTAL_WLMR_ASSY.stp-1/_LR_LEG_ASSY.stp-1/_UP_LINK_ASSY.stp-1/Tensioner_unit.stp-2/KS B 1324 - 번호 2 - 3.5.stp-2;_TOTAL_WLMR_ASSY.stp-1/_LR_LEG_ASSY.stp-1/_UP_LINK_ASSY.stp-1/Upper_leg_part_01.stp-1;_TOTAL_WLMR_ASSY.stp-1/_LR_LEG_ASSY.stp-1/_UP_LINK_ASSY.stp-1/Upper_leg_part_02.stp-1;_TOTAL_WLMR_ASSY.stp-1/_LR_LEG_ASSY.stp-1/_UP_LINK_ASSY.stp-1/KP_output.stp-1;_TOTAL_WLMR_ASSY.stp-1/_LR_LEG_ASSY.stp-1/_UP_LINK_ASSY.stp-1/HTPB24S8M150-A-H12-ZTC36-ZM4_b.stp-1;_TOTAL_WLMR_ASSY.stp-1/_LR_LEG_ASSY.stp-1/_UP_LINK_ASSY.stp-1/FL6901ZZ.stp-1;_TOTAL_WLMR_ASSY.stp-1/_LR_LEG_ASSY.stp-1/_UP_LINK_ASSY.stp-1/FL6901ZZ.stp-2;_TOTAL_WLMR_ASSY.stp-1/_LR_LEG_ASSY.stp-1/_UP_LINK_ASSY.stp-1/Magnet_P5_5_T2_5.stp-1;_TOTAL_WLMR_ASSY.stp-1/_LR_LEG_ASSY.stp-1/_UP_LINK_ASSY.stp-1/Upper_leg_support.stp-1;_TOTAL_WLMR_ASSY.stp-1/_LR_LEG_ASSY.stp-1/_UP_LINK_ASSY.stp-1/Upper_leg_support.stp-2;_TOTAL_WLMR_ASSY.stp-1/_LR_LEG_ASSY.stp-1/_UP_LINK_ASSY.stp-1/Upper_leg_support.stp-3;_TOTAL_WLMR_ASSY.stp-1/_LR_LEG_ASSY.stp-1/_UP_LINK_ASSY.stp-1/Upper_leg_support.stp-4;_TOTAL_WLMR_ASSY.stp-1/_LR_LEG_ASSY.stp-1/_UP_LINK_ASSY.stp-1/Upper_leg_support.stp-5;_TOTAL_WLMR_ASSY.stp-1/_LR_LEG_ASSY.stp-1/_UP_LINK_ASSY.stp-1/Upper_leg_support.stp-6;_TOTAL_WLMR_ASSY.stp-1/_LR_LEG_ASSY.stp-1/_UP_LINK_ASSY.stp-1/KP_shaft.stp-1;_TOTAL_WLMR_ASSY.stp-1/_LR_LEG_ASSY.stp-1/_UP_LINK_ASSY.stp-1/CLBUS12-15-3.5.stp-1;_TOTAL_WLMR_ASSY.stp-1/_LR_LEG_ASSY.stp-1/_UP_LINK_ASSY.stp-1/CLBUS12-15-3.5.stp-2;_TOTAL_WLMR_ASSY.stp-1/_LR_LEG_ASSY.stp-1/_UP_LINK_ASSY.stp-1/AS5048A-EK-AB_1.stp-1;_TOTAL_WLMR_ASSY.stp-1/_LR_LEG_ASSY.stp-1/_UP_LINK_ASSY.stp-1/CLBUS12-15-3.5.stp-3;_TOTAL_WLMR_ASSY.stp-1/_LR_LEG_ASSY.stp-1/_UP_LINK_ASSY.stp-1/Magnet_P5_5_T2_5.stp-2;_TOTAL_WLMR_ASSY.stp-1/_LR_LEG_ASSY.stp-1/_UP_LINK_ASSY.stp-1/AS5048B_mount_02_1.stp-1;_TOTAL_WLMR_ASSY.stp-1/_LR_LEG_ASSY.stp-1/_UP_LINK_ASSY.stp-1/Timing_Belt.stp-1,RF_hp_coor,RF_hp_axis,RF_hp_joint,revolute,0.07,-0.0636,0,0,0,0,RF_hr,0,1,0,0,0,0,0,,,,,,,,
RF_k,-0.112877734706474,-0.00117399742584921,4.39926820854364E-05,0,0,0,0.198464848922729,3.83724525850957E-05,1.02219751488373E-06,4.36778480574663E-08,0.000174670488766466,-3.98387492109487E-10,0.000150601318658006,0,0,0,0,0,0,package://wheelleg_description_ver12/meshes/RF_k.STL,0.752941176470588,0.752941176470588,0.752941176470588,1,0,0,0,0,0,0,package://wheelleg_description_ver12/meshes/RF_k.STL,,_TOTAL_WLMR_ASSY.stp-1/_LR_LEG_ASSY.stp-1/_LOW_LINK_ASSY.stp-1/HTPB24S8M150-A-P12-QTC36-M4.stp-1/HTPB24S8M150-A-P12-QTC36-M4_b.stp-1;_TOTAL_WLMR_ASSY.stp-1/_LR_LEG_ASSY.stp-1/_LOW_LINK_ASSY.stp-1/HTPB24S8M150-A-P12-QTC36-M4.stp-1/SET-SCREW4-3.stp-2;_TOTAL_WLMR_ASSY.stp-1/_LR_LEG_ASSY.stp-1/_LOW_LINK_ASSY.stp-1/HTPB24S8M150-A-P12-QTC36-M4.stp-1/SET-SCREW4-3.stp-1;_TOTAL_WLMR_ASSY.stp-1/_LR_LEG_ASSY.stp-1/_LOW_LINK_ASSY.stp-1/_Wheel_unit.stp-1/Wheel_mount_part_01.stp-1;_TOTAL_WLMR_ASSY.stp-1/_LR_LEG_ASSY.stp-1/_LOW_LINK_ASSY.stp-1/_Wheel_unit.stp-1/Wheel_mount_part_02.stp-1;_TOTAL_WLMR_ASSY.stp-1/_LR_LEG_ASSY.stp-1/_LOW_LINK_ASSY.stp-1/_Wheel_unit.stp-1/Wheel_mount_part_03.stp-1;_TOTAL_WLMR_ASSY.stp-1/_LR_LEG_ASSY.stp-1/_LOW_LINK_ASSY.stp-1/Lower_leg_part_01.stp-1;_TOTAL_WLMR_ASSY.stp-1/_LR_LEG_ASSY.stp-1/_LOW_LINK_ASSY.stp-1/Lower_leg_part_01.stp-2;_TOTAL_WLMR_ASSY.stp-1/_LR_LEG_ASSY.stp-1/_LOW_LINK_ASSY.stp-1/Lower_leg_part_02.stp-1;_TOTAL_WLMR_ASSY.stp-1/_LR_LEG_ASSY.stp-1/_LOW_LINK_ASSY.stp-1/Carbon_rod.stp-1;_TOTAL_WLMR_ASSY.stp-1/_LR_LEG_ASSY.stp-1/_LOW_LINK_ASSY.stp-1/Lower_leg_part_04.stp-1,RF_k_coor,RF_k_axis,RF_k_joint,revolute,0.0019115,-0.029,-0.29999,3.1416,-1.5708,0,RF_hp,0,1,0,0,0,0,0,,,,,,,,
RF_w,-5.67896063508044E-10,-0.00227618034713825,1.17095022567071E-09,0,0,0,0.736835712989822,0.000501004638683537,2.94996142650155E-13,8.39702571764766E-12,0.00078159845249956,1.99204433961118E-13,0.000501010696257228,0,0,0,0,0,0,package://wheelleg_description_ver12/meshes/RF_w.STL,0.313725490196078,0.313725490196078,0.313725490196078,1,0,0,0,0,0,0,package://wheelleg_description_ver12/meshes/RF_w.STL,,_TOTAL_WLMR_ASSY.stp-1/_LR_LEG_ASSY.stp-1/6inch_mecanum_inwheel_motor_MIR.stp-1/Hub_MIR.stp-1;_TOTAL_WLMR_ASSY.stp-1/_LR_LEG_ASSY.stp-1/6inch_mecanum_inwheel_motor_MIR.stp-1/Roller_mount_guard_MIR1.stp-16;_TOTAL_WLMR_ASSY.stp-1/_LR_LEG_ASSY.stp-1/6inch_mecanum_inwheel_motor_MIR.stp-1/Roller_mount_guard_MIR1.stp-15;_TOTAL_WLMR_ASSY.stp-1/_LR_LEG_ASSY.stp-1/6inch_mecanum_inwheel_motor_MIR.stp-1/Roller_mount_guard_MIR1.stp-14;_TOTAL_WLMR_ASSY.stp-1/_LR_LEG_ASSY.stp-1/6inch_mecanum_inwheel_motor_MIR.stp-1/Roller_mount_guard_MIR1.stp-13;_TOTAL_WLMR_ASSY.stp-1/_LR_LEG_ASSY.stp-1/6inch_mecanum_inwheel_motor_MIR.stp-1/Roller_mount_guard_MIR1.stp-12;_TOTAL_WLMR_ASSY.stp-1/_LR_LEG_ASSY.stp-1/6inch_mecanum_inwheel_motor_MIR.stp-1/Roller_mount_guard_MIR1.stp-11;_TOTAL_WLMR_ASSY.stp-1/_LR_LEG_ASSY.stp-1/6inch_mecanum_inwheel_motor_MIR.stp-1/Roller_mount_guard_MIR1.stp-10;_TOTAL_WLMR_ASSY.stp-1/_LR_LEG_ASSY.stp-1/6inch_mecanum_inwheel_motor_MIR.stp-1/Roller_mount_guard_MIR1.stp-9;_TOTAL_WLMR_ASSY.stp-1/_LR_LEG_ASSY.stp-1/6inch_mecanum_inwheel_motor_MIR.stp-1/Roller_mount_guard_MIR1.stp-8;_TOTAL_WLMR_ASSY.stp-1/_LR_LEG_ASSY.stp-1/6inch_mecanum_inwheel_motor_MIR.stp-1/Roller_mount_guard_MIR1.stp-7;_TOTAL_WLMR_ASSY.stp-1/_LR_LEG_ASSY.stp-1/6inch_mecanum_inwheel_motor_MIR.stp-1/Roller_mount_guard_MIR1.stp-6;_TOTAL_WLMR_ASSY.stp-1/_LR_LEG_ASSY.stp-1/6inch_mecanum_inwheel_motor_MIR.stp-1/Roller_mount_guard_MIR1.stp-5;_TOTAL_WLMR_ASSY.stp-1/_LR_LEG_ASSY.stp-1/6inch_mecanum_inwheel_motor_MIR.stp-1/Roller_mount_guard_MIR1.stp-4;_TOTAL_WLMR_ASSY.stp-1/_LR_LEG_ASSY.stp-1/6inch_mecanum_inwheel_motor_MIR.stp-1/Roller_mount_guard_MIR1.stp-3;_TOTAL_WLMR_ASSY.stp-1/_LR_LEG_ASSY.stp-1/6inch_mecanum_inwheel_motor_MIR.stp-1/Roller_mount_guard_MIR1.stp-2;_TOTAL_WLMR_ASSY.stp-1/_LR_LEG_ASSY.stp-1/6inch_mecanum_inwheel_motor_MIR.stp-1/Roller_mount_guard_MIR1.stp-1;_TOTAL_WLMR_ASSY.stp-1/_LR_LEG_ASSY.stp-1/6inch_mecanum_inwheel_motor_MIR.stp-1/Roller_mount_guard_MIR_MIR.stp-16;_TOTAL_WLMR_ASSY.stp-1/_LR_LEG_ASSY.stp-1/6inch_mecanum_inwheel_motor_MIR.stp-1/Roller_mount_guard_MIR_MIR.stp-15;_TOTAL_WLMR_ASSY.stp-1/_LR_LEG_ASSY.stp-1/6inch_mecanum_inwheel_motor_MIR.stp-1/Roller_mount_guard_MIR_MIR.stp-14;_TOTAL_WLMR_ASSY.stp-1/_LR_LEG_ASSY.stp-1/6inch_mecanum_inwheel_motor_MIR.stp-1/Roller_mount_guard_MIR_MIR.stp-13;_TOTAL_WLMR_ASSY.stp-1/_LR_LEG_ASSY.stp-1/6inch_mecanum_inwheel_motor_MIR.stp-1/Roller_mount_guard_MIR_MIR.stp-12;_TOTAL_WLMR_ASSY.stp-1/_LR_LEG_ASSY.stp-1/6inch_mecanum_inwheel_motor_MIR.stp-1/Roller_mount_guard_MIR_MIR.stp-11;_TOTAL_WLMR_ASSY.stp-1/_LR_LEG_ASSY.stp-1/6inch_mecanum_inwheel_motor_MIR.stp-1/Roller_mount_guard_MIR_MIR.stp-10;_TOTAL_WLMR_ASSY.stp-1/_LR_LEG_ASSY.stp-1/6inch_mecanum_inwheel_motor_MIR.stp-1/Roller_mount_guard_MIR_MIR.stp-9;_TOTAL_WLMR_ASSY.stp-1/_LR_LEG_ASSY.stp-1/6inch_mecanum_inwheel_motor_MIR.stp-1/Roller_mount_guard_MIR_MIR.stp-8;_TOTAL_WLMR_ASSY.stp-1/_LR_LEG_ASSY.stp-1/6inch_mecanum_inwheel_motor_MIR.stp-1/Roller_mount_guard_MIR_MIR.stp-7;_TOTAL_WLMR_ASSY.stp-1/_LR_LEG_ASSY.stp-1/6inch_mecanum_inwheel_motor_MIR.stp-1/Roller_mount_guard_MIR_MIR.stp-6;_TOTAL_WLMR_ASSY.stp-1/_LR_LEG_ASSY.stp-1/6inch_mecanum_inwheel_motor_MIR.stp-1/Roller_mount_guard_MIR_MIR.stp-5;_TOTAL_WLMR_ASSY.stp-1/_LR_LEG_ASSY.stp-1/6inch_mecanum_inwheel_motor_MIR.stp-1/Roller_mount_guard_MIR_MIR.stp-4;_TOTAL_WLMR_ASSY.stp-1/_LR_LEG_ASSY.stp-1/6inch_mecanum_inwheel_motor_MIR.stp-1/Roller_mount_guard_MIR_MIR.stp-3;_TOTAL_WLMR_ASSY.stp-1/_LR_LEG_ASSY.stp-1/6inch_mecanum_inwheel_motor_MIR.stp-1/Roller_mount_guard_MIR_MIR.stp-2;_TOTAL_WLMR_ASSY.stp-1/_LR_LEG_ASSY.stp-1/6inch_mecanum_inwheel_motor_MIR.stp-1/Roller_mount_guard_MIR_MIR.stp-1;_TOTAL_WLMR_ASSY.stp-1/_LR_LEG_ASSY.stp-1/6inch_mecanum_inwheel_motor_MIR.stp-1/Rim_MIR.stp-1;_TOTAL_WLMR_ASSY.stp-1/_LR_LEG_ASSY.stp-1/6inch_mecanum_inwheel_motor_MIR.stp-1/Frontal_cover_MIR.stp-1;_TOTAL_WLMR_ASSY.stp-1/_LR_LEG_ASSY.stp-1/6inch_mecanum_inwheel_motor_MIR.stp-1/roller ASSY_MIR.stp-1/roller_MIR.stp-1;_TOTAL_WLMR_ASSY.stp-1/_LR_LEG_ASSY.stp-1/6inch_mecanum_inwheel_motor_MIR.stp-1/roller ASSY_MIR.stp-1/roller_MIR.stp-2;_TOTAL_WLMR_ASSY.stp-1/_LR_LEG_ASSY.stp-1/6inch_mecanum_inwheel_motor_MIR.stp-1/roller ASSY_MIR.stp-1/roller_MIR.stp-3;_TOTAL_WLMR_ASSY.stp-1/_LR_LEG_ASSY.stp-1/6inch_mecanum_inwheel_motor_MIR.stp-1/roller ASSY_MIR.stp-1/roller_MIR.stp-4;_TOTAL_WLMR_ASSY.stp-1/_LR_LEG_ASSY.stp-1/6inch_mecanum_inwheel_motor_MIR.stp-1/roller ASSY_MIR.stp-1/roller_MIR.stp-6;_TOTAL_WLMR_ASSY.stp-1/_LR_LEG_ASSY.stp-1/6inch_mecanum_inwheel_motor_MIR.stp-1/roller ASSY_MIR.stp-1/roller_MIR.stp-5;_TOTAL_WLMR_ASSY.stp-1/_LR_LEG_ASSY.stp-1/6inch_mecanum_inwheel_motor_MIR.stp-1/roller ASSY_MIR.stp-1/roller_MIR.stp-7;_TOTAL_WLMR_ASSY.stp-1/_LR_LEG_ASSY.stp-1/6inch_mecanum_inwheel_motor_MIR.stp-1/roller ASSY_MIR.stp-1/roller_MIR.stp-8;_TOTAL_WLMR_ASSY.stp-1/_LR_LEG_ASSY.stp-1/6inch_mecanum_inwheel_motor_MIR.stp-1/roller ASSY_MIR.stp-1/roller_MIR.stp-9;_TOTAL_WLMR_ASSY.stp-1/_LR_LEG_ASSY.stp-1/6inch_mecanum_inwheel_motor_MIR.stp-1/roller ASSY_MIR.stp-1/roller_MIR.stp-10;_TOTAL_WLMR_ASSY.stp-1/_LR_LEG_ASSY.stp-1/6inch_mecanum_inwheel_motor_MIR.stp-1/roller ASSY_MIR.stp-1/roller_MIR.stp-11;_TOTAL_WLMR_ASSY.stp-1/_LR_LEG_ASSY.stp-1/6inch_mecanum_inwheel_motor_MIR.stp-1/roller ASSY_MIR.stp-1/roller_MIR.stp-12;_TOTAL_WLMR_ASSY.stp-1/_LR_LEG_ASSY.stp-1/6inch_mecanum_inwheel_motor_MIR.stp-1/roller ASSY_MIR.stp-1/roller_MIR.stp-13;_TOTAL_WLMR_ASSY.stp-1/_LR_LEG_ASSY.stp-1/6inch_mecanum_inwheel_motor_MIR.stp-1/roller ASSY_MIR.stp-1/roller_MIR.stp-14;_TOTAL_WLMR_ASSY.stp-1/_LR_LEG_ASSY.stp-1/6inch_mecanum_inwheel_motor_MIR.stp-1/roller ASSY_MIR.stp-1/roller_MIR.stp-15;_TOTAL_WLMR_ASSY.stp-1/_LR_LEG_ASSY.stp-1/6inch_mecanum_inwheel_motor_MIR.stp-1/roller ASSY_MIR.stp-1/roller_MIR.stp-16,RF_w_coor,RF_w_axis,RF_w_joint,continuous,-0.31,-0.0445,0.00012078,0,0,0,RF_k,0,1,0,,,,,,,,,,,,
LH_hr,-0.0245547394830637,0.0122949755197763,-8.46309577369562E-05,0,0,0,0.577928765321086,0.000583453587938914,3.97412814101913E-07,1.48221042393631E-08,0.000586245308830483,-4.01016951645256E-07,0.000394832457950825,0,0,0,0,0,0,package://wheelleg_description_ver12/meshes/LH_hr.STL,0.752941176470588,0.752941176470588,0.752941176470588,1,0,0,0,0,0,0,package://wheelleg_description_ver12/meshes/LH_hr.STL,,_TOTAL_WLMR_ASSY.stp-1/_RF_LEG_ASSY.stp-1/_HIP_ASSY_MIR.stp-1/_QDD_ASSY.stp-1/CP_Gear_ASSY.stp-1;_TOTAL_WLMR_ASSY.stp-1/_RF_LEG_ASSY.stp-1/_HIP_ASSY_MIR.stp-1/_QDD_ASSY.stp-1/Controller_cover.stp-1;_TOTAL_WLMR_ASSY.stp-1/_RF_LEG_ASSY.stp-1/_HIP_ASSY_MIR.stp-1/_QDD_ASSY.stp-1/Magnet_3T_6.stp-1;_TOTAL_WLMR_ASSY.stp-1/_RF_LEG_ASSY.stp-1/_HIP_ASSY_MIR.stp-1/_QDD_ASSY.stp-1/_Moteus_controller_r4.8.stp-1;_TOTAL_WLMR_ASSY.stp-1/_RF_LEG_ASSY.stp-1/_HIP_ASSY_MIR.stp-1/_QDD_ASSY.stp-1/Outer_cover_part_03.stp-1;_TOTAL_WLMR_ASSY.stp-1/_RF_LEG_ASSY.stp-1/_HIP_ASSY_MIR.stp-1/_QDD_ASSY.stp-1/Outer_cover_part_02.stp-1;_TOTAL_WLMR_ASSY.stp-1/_RF_LEG_ASSY.stp-1/_HIP_ASSY_MIR.stp-1/_QDD_ASSY.stp-1/Magnet_Cap.stp-1;_TOTAL_WLMR_ASSY.stp-1/_RF_LEG_ASSY.stp-1/_HIP_ASSY_MIR.stp-1/_QDD_ASSY.stp-1/Outer_cover_part_01.stp-1;_TOTAL_WLMR_ASSY.stp-1/_RF_LEG_ASSY.stp-1/_HIP_ASSY_MIR.stp-1/_QDD_ASSY.stp-1/FL6900ZZ.stp-1;_TOTAL_WLMR_ASSY.stp-1/_RF_LEG_ASSY.stp-1/_HIP_ASSY_MIR.stp-1/_QDD_ASSY.stp-1/input_shaft.stp-1;_TOTAL_WLMR_ASSY.stp-1/_RF_LEG_ASSY.stp-1/_HIP_ASSY_MIR.stp-1/_QDD_ASSY.stp-1/Carrier_support.stp-3;_TOTAL_WLMR_ASSY.stp-1/_RF_LEG_ASSY.stp-1/_HIP_ASSY_MIR.stp-1/_QDD_ASSY.stp-1/Carrier_support.stp-2;_TOTAL_WLMR_ASSY.stp-1/_RF_LEG_ASSY.stp-1/_HIP_ASSY_MIR.stp-1/_QDD_ASSY.stp-1/Carrier_support.stp-1;_TOTAL_WLMR_ASSY.stp-1/_RF_LEG_ASSY.stp-1/_HIP_ASSY_MIR.stp-1/_QDD_ASSY.stp-1/Carrier_part_a_b.stp-1;_TOTAL_WLMR_ASSY.stp-1/_RF_LEG_ASSY.stp-1/_HIP_ASSY_MIR.stp-1/_QDD_ASSY.stp-1/Carrier_part_a.stp-1;_TOTAL_WLMR_ASSY.stp-1/_RF_LEG_ASSY.stp-1/_HIP_ASSY_MIR.stp-1/_QDD_ASSY.stp-1/MOTOR MN1005 ASSY.stp-1;_TOTAL_WLMR_ASSY.stp-1/_RF_LEG_ASSY.stp-1/_HIP_ASSY_MIR.stp-1/_QDD_ASSY.stp-1/6706.stp-1;_TOTAL_WLMR_ASSY.stp-1/_RF_LEG_ASSY.stp-1/_HIP_ASSY_MIR.stp-1/_QDD_ASSY.stp-1/626VV.stp-1;_TOTAL_WLMR_ASSY.stp-1/_RF_LEG_ASSY.stp-1/_HIP_ASSY_MIR.stp-1/_QDD_ASSY.stp-1/CP_Gear_ASSY.stp-3;_TOTAL_WLMR_ASSY.stp-1/_RF_LEG_ASSY.stp-1/_HIP_ASSY_MIR.stp-1/_QDD_ASSY.stp-1/CP_Gear_ASSY.stp-2;_TOTAL_WLMR_ASSY.stp-1/_RF_LEG_ASSY.stp-1/_HIP_ASSY_MIR.stp-1/_QDD_ASSY.stp-1/Ring_gear_M1_0-64-5.stp-1;_TOTAL_WLMR_ASSY.stp-1/_RF_LEG_ASSY.stp-1/_HIP_ASSY_MIR.stp-1/_QDD_ASSY.stp-1/GEABG1.0-12-10-K-6_b.stp-1;_TOTAL_WLMR_ASSY.stp-1/_RF_LEG_ASSY.stp-1/_HIP_ASSY_MIR.stp-1/_QDD_ASSY.stp-2/CP_Gear_ASSY.stp-1;_TOTAL_WLMR_ASSY.stp-1/_RF_LEG_ASSY.stp-1/_HIP_ASSY_MIR.stp-1/_QDD_ASSY.stp-2/CP_Gear_ASSY.stp-2;_TOTAL_WLMR_ASSY.stp-1/_RF_LEG_ASSY.stp-1/_HIP_ASSY_MIR.stp-1/_QDD_ASSY.stp-2/6706.stp-1;_TOTAL_WLMR_ASSY.stp-1/_RF_LEG_ASSY.stp-1/_HIP_ASSY_MIR.stp-1/_QDD_ASSY.stp-2/CP_Gear_ASSY.stp-3;_TOTAL_WLMR_ASSY.stp-1/_RF_LEG_ASSY.stp-1/_HIP_ASSY_MIR.stp-1/_QDD_ASSY.stp-2/626VV.stp-1;_TOTAL_WLMR_ASSY.stp-1/_RF_LEG_ASSY.stp-1/_HIP_ASSY_MIR.stp-1/_QDD_ASSY.stp-2/MOTOR MN1005 ASSY.stp-1;_TOTAL_WLMR_ASSY.stp-1/_RF_LEG_ASSY.stp-1/_HIP_ASSY_MIR.stp-1/_QDD_ASSY.stp-2/Carrier_part_a.stp-1;_TOTAL_WLMR_ASSY.stp-1/_RF_LEG_ASSY.stp-1/_HIP_ASSY_MIR.stp-1/_QDD_ASSY.stp-2/Carrier_part_a_b.stp-1;_TOTAL_WLMR_ASSY.stp-1/_RF_LEG_ASSY.stp-1/_HIP_ASSY_MIR.stp-1/_QDD_ASSY.stp-2/Carrier_support.stp-1;_TOTAL_WLMR_ASSY.stp-1/_RF_LEG_ASSY.stp-1/_HIP_ASSY_MIR.stp-1/_QDD_ASSY.stp-2/Carrier_support.stp-2;_TOTAL_WLMR_ASSY.stp-1/_RF_LEG_ASSY.stp-1/_HIP_ASSY_MIR.stp-1/_QDD_ASSY.stp-2/Carrier_support.stp-3;_TOTAL_WLMR_ASSY.stp-1/_RF_LEG_ASSY.stp-1/_HIP_ASSY_MIR.stp-1/_QDD_ASSY.stp-2/input_shaft.stp-1;_TOTAL_WLMR_ASSY.stp-1/_RF_LEG_ASSY.stp-1/_HIP_ASSY_MIR.stp-1/_QDD_ASSY.stp-2/FL6900ZZ.stp-1;_TOTAL_WLMR_ASSY.stp-1/_RF_LEG_ASSY.stp-1/_HIP_ASSY_MIR.stp-1/_QDD_ASSY.stp-2/Outer_cover_part_01.stp-1;_TOTAL_WLMR_ASSY.stp-1/_RF_LEG_ASSY.stp-1/_HIP_ASSY_MIR.stp-1/_QDD_ASSY.stp-2/Magnet_Cap.stp-1;_TOTAL_WLMR_ASSY.stp-1/_RF_LEG_ASSY.stp-1/_HIP_ASSY_MIR.stp-1/_QDD_ASSY.stp-2/Outer_cover_part_02.stp-1;_TOTAL_WLMR_ASSY.stp-1/_RF_LEG_ASSY.stp-1/_HIP_ASSY_MIR.stp-1/_QDD_ASSY.stp-2/Outer_cover_part_03.stp-1;_TOTAL_WLMR_ASSY.stp-1/_RF_LEG_ASSY.stp-1/_HIP_ASSY_MIR.stp-1/_QDD_ASSY.stp-2/_Moteus_controller_r4.8.stp-1;_TOTAL_WLMR_ASSY.stp-1/_RF_LEG_ASSY.stp-1/_HIP_ASSY_MIR.stp-1/_QDD_ASSY.stp-2/Magnet_3T_6.stp-1;_TOTAL_WLMR_ASSY.stp-1/_RF_LEG_ASSY.stp-1/_HIP_ASSY_MIR.stp-1/_QDD_ASSY.stp-2/Controller_cover.stp-1;_TOTAL_WLMR_ASSY.stp-1/_RF_LEG_ASSY.stp-1/_HIP_ASSY_MIR.stp-1/_QDD_ASSY.stp-2/Ring_gear_M1_0-64-5.stp-1;_TOTAL_WLMR_ASSY.stp-1/_RF_LEG_ASSY.stp-1/_HIP_ASSY_MIR.stp-1/_QDD_ASSY.stp-2/GEABG1.0-12-10-K-6_b.stp-1;_TOTAL_WLMR_ASSY.stp-1/_RF_LEG_ASSY.stp-1/_HIP_ASSY_MIR.stp-1/HR_output.stp-1;_TOTAL_WLMR_ASSY.stp-1/_RF_LEG_ASSY.stp-1/_HIP_ASSY_MIR.stp-1/HR_mount_part_01.stp-1;_TOTAL_WLMR_ASSY.stp-1/_RF_LEG_ASSY.stp-1/_HIP_ASSY_MIR.stp-1/HR_mount_part_01.stp-2;_TOTAL_WLMR_ASSY.stp-1/_RF_LEG_ASSY.stp-1/_HIP_ASSY_MIR.stp-1/HR_bearing_mount.stp-1;_TOTAL_WLMR_ASSY.stp-1/_RF_LEG_ASSY.stp-1/_HIP_ASSY_MIR.stp-1/C-E6905ZZ.stp-1;_TOTAL_WLMR_ASSY.stp-1/_RF_LEG_ASSY.stp-1/_HIP_ASSY_MIR.stp-1/Magnet_P5_5_T2_5_1.stp-1,LH_hr_coor,LH_hr_axis,LH_hr_joint,revolute,-0.2656,0.065,0,0,0,0,base_link,1,0,0,0,0,0,0,,,,,,,,
LH_hp,0.000164044575075267,0.0516976280417897,-0.0801953887571782,0,0,0,0.657880483360537,0.00298573186269122,-1.08033884716331E-09,5.4549912919099E-06,0.0032775355495971,4.80666685034126E-07,0.000328972942936453,0,0,0,0,0,0,package://wheelleg_description_ver12/meshes/LH_hp.STL,0.752941176470588,0.752941176470588,0.752941176470588,1,0,0,0,0,0,0,package://wheelleg_description_ver12/meshes/LH_hp.STL,,_TOTAL_WLMR_ASSY.stp-1/_RF_LEG_ASSY.stp-1/_UP_LINK_ASSY.stp-1/_QDD_ASSY.stp-1/CP_Gear_ASSY.stp-1;_TOTAL_WLMR_ASSY.stp-1/_RF_LEG_ASSY.stp-1/_UP_LINK_ASSY.stp-1/_QDD_ASSY.stp-1/Controller_cover.stp-1;_TOTAL_WLMR_ASSY.stp-1/_RF_LEG_ASSY.stp-1/_UP_LINK_ASSY.stp-1/_QDD_ASSY.stp-1/Magnet_3T_6.stp-1;_TOTAL_WLMR_ASSY.stp-1/_RF_LEG_ASSY.stp-1/_UP_LINK_ASSY.stp-1/_QDD_ASSY.stp-1/_Moteus_controller_r4.8.stp-1;_TOTAL_WLMR_ASSY.stp-1/_RF_LEG_ASSY.stp-1/_UP_LINK_ASSY.stp-1/_QDD_ASSY.stp-1/Outer_cover_part_03.stp-1;_TOTAL_WLMR_ASSY.stp-1/_RF_LEG_ASSY.stp-1/_UP_LINK_ASSY.stp-1/_QDD_ASSY.stp-1/Outer_cover_part_02.stp-1;_TOTAL_WLMR_ASSY.stp-1/_RF_LEG_ASSY.stp-1/_UP_LINK_ASSY.stp-1/_QDD_ASSY.stp-1/Magnet_Cap.stp-1;_TOTAL_WLMR_ASSY.stp-1/_RF_LEG_ASSY.stp-1/_UP_LINK_ASSY.stp-1/_QDD_ASSY.stp-1/Outer_cover_part_01.stp-1;_TOTAL_WLMR_ASSY.stp-1/_RF_LEG_ASSY.stp-1/_UP_LINK_ASSY.stp-1/_QDD_ASSY.stp-1/FL6900ZZ.stp-1;_TOTAL_WLMR_ASSY.stp-1/_RF_LEG_ASSY.stp-1/_UP_LINK_ASSY.stp-1/_QDD_ASSY.stp-1/input_shaft.stp-1;_TOTAL_WLMR_ASSY.stp-1/_RF_LEG_ASSY.stp-1/_UP_LINK_ASSY.stp-1/_QDD_ASSY.stp-1/Carrier_support.stp-3;_TOTAL_WLMR_ASSY.stp-1/_RF_LEG_ASSY.stp-1/_UP_LINK_ASSY.stp-1/_QDD_ASSY.stp-1/Carrier_support.stp-2;_TOTAL_WLMR_ASSY.stp-1/_RF_LEG_ASSY.stp-1/_UP_LINK_ASSY.stp-1/_QDD_ASSY.stp-1/Carrier_support.stp-1;_TOTAL_WLMR_ASSY.stp-1/_RF_LEG_ASSY.stp-1/_UP_LINK_ASSY.stp-1/_QDD_ASSY.stp-1/Carrier_part_a_b.stp-1;_TOTAL_WLMR_ASSY.stp-1/_RF_LEG_ASSY.stp-1/_UP_LINK_ASSY.stp-1/_QDD_ASSY.stp-1/Carrier_part_a.stp-1;_TOTAL_WLMR_ASSY.stp-1/_RF_LEG_ASSY.stp-1/_UP_LINK_ASSY.stp-1/_QDD_ASSY.stp-1/MOTOR MN1005 ASSY.stp-1;_TOTAL_WLMR_ASSY.stp-1/_RF_LEG_ASSY.stp-1/_UP_LINK_ASSY.stp-1/_QDD_ASSY.stp-1/6706.stp-1;_TOTAL_WLMR_ASSY.stp-1/_RF_LEG_ASSY.stp-1/_UP_LINK_ASSY.stp-1/_QDD_ASSY.stp-1/626VV.stp-1;_TOTAL_WLMR_ASSY.stp-1/_RF_LEG_ASSY.stp-1/_UP_LINK_ASSY.stp-1/_QDD_ASSY.stp-1/CP_Gear_ASSY.stp-3;_TOTAL_WLMR_ASSY.stp-1/_RF_LEG_ASSY.stp-1/_UP_LINK_ASSY.stp-1/_QDD_ASSY.stp-1/CP_Gear_ASSY.stp-2;_TOTAL_WLMR_ASSY.stp-1/_RF_LEG_ASSY.stp-1/_UP_LINK_ASSY.stp-1/_QDD_ASSY.stp-1/Ring_gear_M1_0-64-5.stp-1;_TOTAL_WLMR_ASSY.stp-1/_RF_LEG_ASSY.stp-1/_UP_LINK_ASSY.stp-1/_QDD_ASSY.stp-1/GEABG1.0-12-10-K-6_b.stp-1;_TOTAL_WLMR_ASSY.stp-1/_RF_LEG_ASSY.stp-1/_UP_LINK_ASSY.stp-1/Tensioner_unit.stp-1/KS B 2023 - 696 - 6 x 15 x 5.stp-1;_TOTAL_WLMR_ASSY.stp-1/_RF_LEG_ASSY.stp-1/_UP_LINK_ASSY.stp-1/Tensioner_unit.stp-1/KS B 2023 - 696 - 6 x 15 x 5.stp-2;_TOTAL_WLMR_ASSY.stp-1/_RF_LEG_ASSY.stp-1/_UP_LINK_ASSY.stp-1/Tensioner_unit.stp-1/KS B 2023 - 696 - 6 x 15 x 5.stp-3;_TOTAL_WLMR_ASSY.stp-1/_RF_LEG_ASSY.stp-1/_UP_LINK_ASSY.stp-1/Tensioner_unit.stp-1/KS B 2023 - 696 - 6 x 15 x 5.stp-4;_TOTAL_WLMR_ASSY.stp-1/_RF_LEG_ASSY.stp-1/_UP_LINK_ASSY.stp-1/Tensioner_unit.stp-1/SCLBM6-58.0.stp-1;_TOTAL_WLMR_ASSY.stp-1/_RF_LEG_ASSY.stp-1/_UP_LINK_ASSY.stp-1/Tensioner_unit.stp-1/CLBUS6-9-11.stp-1;_TOTAL_WLMR_ASSY.stp-1/_RF_LEG_ASSY.stp-1/_UP_LINK_ASSY.stp-1/Tensioner_unit.stp-1/CLBUS6-9-11.stp-2;_TOTAL_WLMR_ASSY.stp-1/_RF_LEG_ASSY.stp-1/_UP_LINK_ASSY.stp-1/Tensioner_unit.stp-1/KS B 1326 - 3.5x9.stp-1;_TOTAL_WLMR_ASSY.stp-1/_RF_LEG_ASSY.stp-1/_UP_LINK_ASSY.stp-1/Tensioner_unit.stp-1/KS B 1326 - 3.5x9.stp-2;_TOTAL_WLMR_ASSY.stp-1/_RF_LEG_ASSY.stp-1/_UP_LINK_ASSY.stp-1/Tensioner_unit.stp-1/KS B 1324 - 번호 2 - 3.5.stp-1;_TOTAL_WLMR_ASSY.stp-1/_RF_LEG_ASSY.stp-1/_UP_LINK_ASSY.stp-1/Tensioner_unit.stp-1/KS B 1324 - 번호 2 - 3.5.stp-2;_TOTAL_WLMR_ASSY.stp-1/_RF_LEG_ASSY.stp-1/_UP_LINK_ASSY.stp-1/Tensioner_unit.stp-2/KS B 2023 - 696 - 6 x 15 x 5.stp-1;_TOTAL_WLMR_ASSY.stp-1/_RF_LEG_ASSY.stp-1/_UP_LINK_ASSY.stp-1/Tensioner_unit.stp-2/KS B 2023 - 696 - 6 x 15 x 5.stp-2;_TOTAL_WLMR_ASSY.stp-1/_RF_LEG_ASSY.stp-1/_UP_LINK_ASSY.stp-1/Tensioner_unit.stp-2/KS B 2023 - 696 - 6 x 15 x 5.stp-3;_TOTAL_WLMR_ASSY.stp-1/_RF_LEG_ASSY.stp-1/_UP_LINK_ASSY.stp-1/Tensioner_unit.stp-2/KS B 2023 - 696 - 6 x 15 x 5.stp-4;_TOTAL_WLMR_ASSY.stp-1/_RF_LEG_ASSY.stp-1/_UP_LINK_ASSY.stp-1/Tensioner_unit.stp-2/SCLBM6-58.0.stp-1;_TOTAL_WLMR_ASSY.stp-1/_RF_LEG_ASSY.stp-1/_UP_LINK_ASSY.stp-1/Tensioner_unit.stp-2/CLBUS6-9-11.stp-1;_TOTAL_WLMR_ASSY.stp-1/_RF_LEG_ASSY.stp-1/_UP_LINK_ASSY.stp-1/Tensioner_unit.stp-2/CLBUS6-9-11.stp-2;_TOTAL_WLMR_ASSY.stp-1/_RF_LEG_ASSY.stp-1/_UP_LINK_ASSY.stp-1/Tensioner_unit.stp-2/KS B 1326 - 3.5x9.stp-1;_TOTAL_WLMR_ASSY.stp-1/_RF_LEG_ASSY.stp-1/_UP_LINK_ASSY.stp-1/Tensioner_unit.stp-2/KS B 1326 - 3.5x9.stp-2;_TOTAL_WLMR_ASSY.stp-1/_RF_LEG_ASSY.stp-1/_UP_LINK_ASSY.stp-1/Tensioner_unit.stp-2/KS B 1324 - 번호 2 - 3.5.stp-1;_TOTAL_WLMR_ASSY.stp-1/_RF_LEG_ASSY.stp-1/_UP_LINK_ASSY.stp-1/Tensioner_unit.stp-2/KS B 1324 - 번호 2 - 3.5.stp-2;_TOTAL_WLMR_ASSY.stp-1/_RF_LEG_ASSY.stp-1/_UP_LINK_ASSY.stp-1/Upper_leg_part_01.stp-1;_TOTAL_WLMR_ASSY.stp-1/_RF_LEG_ASSY.stp-1/_UP_LINK_ASSY.stp-1/Upper_leg_part_02.stp-1;_TOTAL_WLMR_ASSY.stp-1/_RF_LEG_ASSY.stp-1/_UP_LINK_ASSY.stp-1/KP_output.stp-1;_TOTAL_WLMR_ASSY.stp-1/_RF_LEG_ASSY.stp-1/_UP_LINK_ASSY.stp-1/HTPB24S8M150-A-H12-ZTC36-ZM4_b.stp-1;_TOTAL_WLMR_ASSY.stp-1/_RF_LEG_ASSY.stp-1/_UP_LINK_ASSY.stp-1/FL6901ZZ.stp-1;_TOTAL_WLMR_ASSY.stp-1/_RF_LEG_ASSY.stp-1/_UP_LINK_ASSY.stp-1/FL6901ZZ.stp-2;_TOTAL_WLMR_ASSY.stp-1/_RF_LEG_ASSY.stp-1/_UP_LINK_ASSY.stp-1/Magnet_P5_5_T2_5.stp-1;_TOTAL_WLMR_ASSY.stp-1/_RF_LEG_ASSY.stp-1/_UP_LINK_ASSY.stp-1/Upper_leg_support.stp-1;_TOTAL_WLMR_ASSY.stp-1/_RF_LEG_ASSY.stp-1/_UP_LINK_ASSY.stp-1/Upper_leg_support.stp-2;_TOTAL_WLMR_ASSY.stp-1/_RF_LEG_ASSY.stp-1/_UP_LINK_ASSY.stp-1/Upper_leg_support.stp-3;_TOTAL_WLMR_ASSY.stp-1/_RF_LEG_ASSY.stp-1/_UP_LINK_ASSY.stp-1/Upper_leg_support.stp-4;_TOTAL_WLMR_ASSY.stp-1/_RF_LEG_ASSY.stp-1/_UP_LINK_ASSY.stp-1/Upper_leg_support.stp-5;_TOTAL_WLMR_ASSY.stp-1/_RF_LEG_ASSY.stp-1/_UP_LINK_ASSY.stp-1/Upper_leg_support.stp-6;_TOTAL_WLMR_ASSY.stp-1/_RF_LEG_ASSY.stp-1/_UP_LINK_ASSY.stp-1/KP_shaft.stp-1;_TOTAL_WLMR_ASSY.stp-1/_RF_LEG_ASSY.stp-1/_UP_LINK_ASSY.stp-1/CLBUS12-15-3.5.stp-1;_TOTAL_WLMR_ASSY.stp-1/_RF_LEG_ASSY.stp-1/_UP_LINK_ASSY.stp-1/CLBUS12-15-3.5.stp-2;_TOTAL_WLMR_ASSY.stp-1/_RF_LEG_ASSY.stp-1/_UP_LINK_ASSY.stp-1/AS5048A-EK-AB_1.stp-1;_TOTAL_WLMR_ASSY.stp-1/_RF_LEG_ASSY.stp-1/_UP_LINK_ASSY.stp-1/CLBUS12-15-3.5.stp-3;_TOTAL_WLMR_ASSY.stp-1/_RF_LEG_ASSY.stp-1/_UP_LINK_ASSY.stp-1/Magnet_P5_5_T2_5.stp-2;_TOTAL_WLMR_ASSY.stp-1/_RF_LEG_ASSY.stp-1/_UP_LINK_ASSY.stp-1/AS5048B_mount_02_1.stp-1;_TOTAL_WLMR_ASSY.stp-1/_RF_LEG_ASSY.stp-1/_UP_LINK_ASSY.stp-1/Timing_Belt.stp-1,LH_hp_coor,LH_hp_axis,LH_hp_joint,revolute,-0.07,0.0636,0,0,0,0,LH_hr,0,-1,0,0,0,0,0,,,,,,,,
LH_k,-0.112864181759625,0.00117399751802882,-0.00174968662765981,0,0,0,0.19846484892259,3.83993991733479E-05,-1.02207467098984E-06,-1.73935817685966E-06,0.0001746704887681,-1.58447946027821E-08,0.000150574372068084,0,0,0,0,0,0,package://wheelleg_description_ver12/meshes/LH_k.STL,0.752941176470588,0.752941176470588,0.752941176470588,1,0,0,0,0,0,0,package://wheelleg_description_ver12/meshes/LH_k.STL,,_TOTAL_WLMR_ASSY.stp-1/_RF_LEG_ASSY.stp-1/_LOW_LINK_ASSY.stp-1/HTPB24S8M150-A-P12-QTC36-M4.stp-1/HTPB24S8M150-A-P12-QTC36-M4_b.stp-1;_TOTAL_WLMR_ASSY.stp-1/_RF_LEG_ASSY.stp-1/_LOW_LINK_ASSY.stp-1/HTPB24S8M150-A-P12-QTC36-M4.stp-1/SET-SCREW4-3.stp-2;_TOTAL_WLMR_ASSY.stp-1/_RF_LEG_ASSY.stp-1/_LOW_LINK_ASSY.stp-1/HTPB24S8M150-A-P12-QTC36-M4.stp-1/SET-SCREW4-3.stp-1;_TOTAL_WLMR_ASSY.stp-1/_RF_LEG_ASSY.stp-1/_LOW_LINK_ASSY.stp-1/_Wheel_unit.stp-1/Wheel_mount_part_01.stp-1;_TOTAL_WLMR_ASSY.stp-1/_RF_LEG_ASSY.stp-1/_LOW_LINK_ASSY.stp-1/_Wheel_unit.stp-1/Wheel_mount_part_02.stp-1;_TOTAL_WLMR_ASSY.stp-1/_RF_LEG_ASSY.stp-1/_LOW_LINK_ASSY.stp-1/_Wheel_unit.stp-1/Wheel_mount_part_03.stp-1;_TOTAL_WLMR_ASSY.stp-1/_RF_LEG_ASSY.stp-1/_LOW_LINK_ASSY.stp-1/Lower_leg_part_01.stp-1;_TOTAL_WLMR_ASSY.stp-1/_RF_LEG_ASSY.stp-1/_LOW_LINK_ASSY.stp-1/Lower_leg_part_01.stp-2;_TOTAL_WLMR_ASSY.stp-1/_RF_LEG_ASSY.stp-1/_LOW_LINK_ASSY.stp-1/Lower_leg_part_02.stp-1;_TOTAL_WLMR_ASSY.stp-1/_RF_LEG_ASSY.stp-1/_LOW_LINK_ASSY.stp-1/Carbon_rod.stp-1;_TOTAL_WLMR_ASSY.stp-1/_RF_LEG_ASSY.stp-1/_LOW_LINK_ASSY.stp-1/Lower_leg_part_04.stp-1,LH_k_coor,LH_k_axis,LH_k_joint,revolute,0.00061765,0.029,-0.3,0,-1.5533,0,LH_hp,0,-1,0,0,0,0,0,,,,,,,,
LH_w,-1.13557341308024E-09,0.0022761803471617,-6.36876662518659E-10,0,0,0,0.736835712989823,0.000501006627473481,2.93727275899398E-13,2.84464878484926E-09,0.00078159845249956,1.22642736339409E-13,0.000501008707467285,0,0,0,0,0,0,package://wheelleg_description_ver12/meshes/LH_w.STL,0.313725490196078,0.313725490196078,0.313725490196078,1,0,0,0,0,0,0,package://wheelleg_description_ver12/meshes/LH_w.STL,,_TOTAL_WLMR_ASSY.stp-1/_RF_LEG_ASSY.stp-1/6inch_mecanum_inwheel_motor_MIR.stp-1/Hub_MIR.stp-1;_TOTAL_WLMR_ASSY.stp-1/_RF_LEG_ASSY.stp-1/6inch_mecanum_inwheel_motor_MIR.stp-1/Roller_mount_guard_MIR1.stp-16;_TOTAL_WLMR_ASSY.stp-1/_RF_LEG_ASSY.stp-1/6inch_mecanum_inwheel_motor_MIR.stp-1/Roller_mount_guard_MIR1.stp-15;_TOTAL_WLMR_ASSY.stp-1/_RF_LEG_ASSY.stp-1/6inch_mecanum_inwheel_motor_MIR.stp-1/Roller_mount_guard_MIR1.stp-14;_TOTAL_WLMR_ASSY.stp-1/_RF_LEG_ASSY.stp-1/6inch_mecanum_inwheel_motor_MIR.stp-1/Roller_mount_guard_MIR1.stp-13;_TOTAL_WLMR_ASSY.stp-1/_RF_LEG_ASSY.stp-1/6inch_mecanum_inwheel_motor_MIR.stp-1/Roller_mount_guard_MIR1.stp-12;_TOTAL_WLMR_ASSY.stp-1/_RF_LEG_ASSY.stp-1/6inch_mecanum_inwheel_motor_MIR.stp-1/Roller_mount_guard_MIR1.stp-11;_TOTAL_WLMR_ASSY.stp-1/_RF_LEG_ASSY.stp-1/6inch_mecanum_inwheel_motor_MIR.stp-1/Roller_mount_guard_MIR1.stp-10;_TOTAL_WLMR_ASSY.stp-1/_RF_LEG_ASSY.stp-1/6inch_mecanum_inwheel_motor_MIR.stp-1/Roller_mount_guard_MIR1.stp-9;_TOTAL_WLMR_ASSY.stp-1/_RF_LEG_ASSY.stp-1/6inch_mecanum_inwheel_motor_MIR.stp-1/Roller_mount_guard_MIR1.stp-8;_TOTAL_WLMR_ASSY.stp-1/_RF_LEG_ASSY.stp-1/6inch_mecanum_inwheel_motor_MIR.stp-1/Roller_mount_guard_MIR1.stp-7;_TOTAL_WLMR_ASSY.stp-1/_RF_LEG_ASSY.stp-1/6inch_mecanum_inwheel_motor_MIR.stp-1/Roller_mount_guard_MIR1.stp-6;_TOTAL_WLMR_ASSY.stp-1/_RF_LEG_ASSY.stp-1/6inch_mecanum_inwheel_motor_MIR.stp-1/Roller_mount_guard_MIR1.stp-5;_TOTAL_WLMR_ASSY.stp-1/_RF_LEG_ASSY.stp-1/6inch_mecanum_inwheel_motor_MIR.stp-1/Roller_mount_guard_MIR1.stp-4;_TOTAL_WLMR_ASSY.stp-1/_RF_LEG_ASSY.stp-1/6inch_mecanum_inwheel_motor_MIR.stp-1/Roller_mount_guard_MIR1.stp-3;_TOTAL_WLMR_ASSY.stp-1/_RF_LEG_ASSY.stp-1/6inch_mecanum_inwheel_motor_MIR.stp-1/Roller_mount_guard_MIR1.stp-2;_TOTAL_WLMR_ASSY.stp-1/_RF_LEG_ASSY.stp-1/6inch_mecanum_inwheel_motor_MIR.stp-1/Roller_mount_guard_MIR1.stp-1;_TOTAL_WLMR_ASSY.stp-1/_RF_LEG_ASSY.stp-1/6inch_mecanum_inwheel_motor_MIR.stp-1/Roller_mount_guard_MIR_MIR.stp-16;_TOTAL_WLMR_ASSY.stp-1/_RF_LEG_ASSY.stp-1/6inch_mecanum_inwheel_motor_MIR.stp-1/Roller_mount_guard_MIR_MIR.stp-15;_TOTAL_WLMR_ASSY.stp-1/_RF_LEG_ASSY.stp-1/6inch_mecanum_inwheel_motor_MIR.stp-1/Roller_mount_guard_MIR_MIR.stp-14;_TOTAL_WLMR_ASSY.stp-1/_RF_LEG_ASSY.stp-1/6inch_mecanum_inwheel_motor_MIR.stp-1/Roller_mount_guard_MIR_MIR.stp-13;_TOTAL_WLMR_ASSY.stp-1/_RF_LEG_ASSY.stp-1/6inch_mecanum_inwheel_motor_MIR.stp-1/Roller_mount_guard_MIR_MIR.stp-12;_TOTAL_WLMR_ASSY.stp-1/_RF_LEG_ASSY.stp-1/6inch_mecanum_inwheel_motor_MIR.stp-1/Roller_mount_guard_MIR_MIR.stp-11;_TOTAL_WLMR_ASSY.stp-1/_RF_LEG_ASSY.stp-1/6inch_mecanum_inwheel_motor_MIR.stp-1/Roller_mount_guard_MIR_MIR.stp-10;_TOTAL_WLMR_ASSY.stp-1/_RF_LEG_ASSY.stp-1/6inch_mecanum_inwheel_motor_MIR.stp-1/Roller_mount_guard_MIR_MIR.stp-9;_TOTAL_WLMR_ASSY.stp-1/_RF_LEG_ASSY.stp-1/6inch_mecanum_inwheel_motor_MIR.stp-1/Roller_mount_guard_MIR_MIR.stp-8;_TOTAL_WLMR_ASSY.stp-1/_RF_LEG_ASSY.stp-1/6inch_mecanum_inwheel_motor_MIR.stp-1/Roller_mount_guard_MIR_MIR.stp-7;_TOTAL_WLMR_ASSY.stp-1/_RF_LEG_ASSY.stp-1/6inch_mecanum_inwheel_motor_MIR.stp-1/Roller_mount_guard_MIR_MIR.stp-6;_TOTAL_WLMR_ASSY.stp-1/_RF_LEG_ASSY.stp-1/6inch_mecanum_inwheel_motor_MIR.stp-1/Roller_mount_guard_MIR_MIR.stp-5;_TOTAL_WLMR_ASSY.stp-1/_RF_LEG_ASSY.stp-1/6inch_mecanum_inwheel_motor_MIR.stp-1/Roller_mount_guard_MIR_MIR.stp-4;_TOTAL_WLMR_ASSY.stp-1/_RF_LEG_ASSY.stp-1/6inch_mecanum_inwheel_motor_MIR.stp-1/Roller_mount_guard_MIR_MIR.stp-3;_TOTAL_WLMR_ASSY.stp-1/_RF_LEG_ASSY.stp-1/6inch_mecanum_inwheel_motor_MIR.stp-1/Roller_mount_guard_MIR_MIR.stp-2;_TOTAL_WLMR_ASSY.stp-1/_RF_LEG_ASSY.stp-1/6inch_mecanum_inwheel_motor_MIR.stp-1/Roller_mount_guard_MIR_MIR.stp-1;_TOTAL_WLMR_ASSY.stp-1/_RF_LEG_ASSY.stp-1/6inch_mecanum_inwheel_motor_MIR.stp-1/Rim_MIR.stp-1;_TOTAL_WLMR_ASSY.stp-1/_RF_LEG_ASSY.stp-1/6inch_mecanum_inwheel_motor_MIR.stp-1/Frontal_cover_MIR.stp-1;_TOTAL_WLMR_ASSY.stp-1/_RF_LEG_ASSY.stp-1/6inch_mecanum_inwheel_motor_MIR.stp-1/roller ASSY_MIR.stp-1/roller_MIR.stp-1;_TOTAL_WLMR_ASSY.stp-1/_RF_LEG_ASSY.stp-1/6inch_mecanum_inwheel_motor_MIR.stp-1/roller ASSY_MIR.stp-1/roller_MIR.stp-2;_TOTAL_WLMR_ASSY.stp-1/_RF_LEG_ASSY.stp-1/6inch_mecanum_inwheel_motor_MIR.stp-1/roller ASSY_MIR.stp-1/roller_MIR.stp-3;_TOTAL_WLMR_ASSY.stp-1/_RF_LEG_ASSY.stp-1/6inch_mecanum_inwheel_motor_MIR.stp-1/roller ASSY_MIR.stp-1/roller_MIR.stp-4;_TOTAL_WLMR_ASSY.stp-1/_RF_LEG_ASSY.stp-1/6inch_mecanum_inwheel_motor_MIR.stp-1/roller ASSY_MIR.stp-1/roller_MIR.stp-5;_TOTAL_WLMR_ASSY.stp-1/_RF_LEG_ASSY.stp-1/6inch_mecanum_inwheel_motor_MIR.stp-1/roller ASSY_MIR.stp-1/roller_MIR.stp-6;_TOTAL_WLMR_ASSY.stp-1/_RF_LEG_ASSY.stp-1/6inch_mecanum_inwheel_motor_MIR.stp-1/roller ASSY_MIR.stp-1/roller_MIR.stp-7;_TOTAL_WLMR_ASSY.stp-1/_RF_LEG_ASSY.stp-1/6inch_mecanum_inwheel_motor_MIR.stp-1/roller ASSY_MIR.stp-1/roller_MIR.stp-8;_TOTAL_WLMR_ASSY.stp-1/_RF_LEG_ASSY.stp-1/6inch_mecanum_inwheel_motor_MIR.stp-1/roller ASSY_MIR.stp-1/roller_MIR.stp-9;_TOTAL_WLMR_ASSY.stp-1/_RF_LEG_ASSY.stp-1/6inch_mecanum_inwheel_motor_MIR.stp-1/roller ASSY_MIR.stp-1/roller_MIR.stp-10;_TOTAL_WLMR_ASSY.stp-1/_RF_LEG_ASSY.stp-1/6inch_mecanum_inwheel_motor_MIR.stp-1/roller ASSY_MIR.stp-1/roller_MIR.stp-11;_TOTAL_WLMR_ASSY.stp-1/_RF_LEG_ASSY.stp-1/6inch_mecanum_inwheel_motor_MIR.stp-1/roller ASSY_MIR.stp-1/roller_MIR.stp-12;_TOTAL_WLMR_ASSY.stp-1/_RF_LEG_ASSY.stp-1/6inch_mecanum_inwheel_motor_MIR.stp-1/roller ASSY_MIR.stp-1/roller_MIR.stp-13;_TOTAL_WLMR_ASSY.stp-1/_RF_LEG_ASSY.stp-1/6inch_mecanum_inwheel_motor_MIR.stp-1/roller ASSY_MIR.stp-1/roller_MIR.stp-14;_TOTAL_WLMR_ASSY.stp-1/_RF_LEG_ASSY.stp-1/6inch_mecanum_inwheel_motor_MIR.stp-1/roller ASSY_MIR.stp-1/roller_MIR.stp-15;_TOTAL_WLMR_ASSY.stp-1/_RF_LEG_ASSY.stp-1/6inch_mecanum_inwheel_motor_MIR.stp-1/roller ASSY_MIR.stp-1/roller_MIR.stp-16,LH_w_coor,LH_w_axis,LH_w_joint,continuous,-0.30996,0.0445,-0.0048052,0,0,0,LH_k,0,-1,0,,,,,,,,,,,,
RH_hr,-0.0245571567989414,-0.0122949755137087,-8.22136603405108E-05,0,0,0,0.577928765321087,0.000583453587938897,-3.97594421379008E-07,-1.48221058577687E-08,0.000586245308830599,3.7119110573758E-07,0.000394832457950726,0,0,0,0,0,0,package://wheelleg_description_ver12/meshes/RH_hr.STL,0.752941176470588,0.752941176470588,0.752941176470588,1,0,0,0,0,0,0,package://wheelleg_description_ver12/meshes/RH_hr.STL,,_TOTAL_WLMR_ASSY.stp-1/_LF_LEG_ASSY.stp-1/_HIP_ASSY.stp-1/_QDD_ASSY.stp-1/CP_Gear_ASSY.stp-1;_TOTAL_WLMR_ASSY.stp-1/_LF_LEG_ASSY.stp-1/_HIP_ASSY.stp-1/_QDD_ASSY.stp-1/Controller_cover.stp-1;_TOTAL_WLMR_ASSY.stp-1/_LF_LEG_ASSY.stp-1/_HIP_ASSY.stp-1/_QDD_ASSY.stp-1/Magnet_3T_6.stp-1;_TOTAL_WLMR_ASSY.stp-1/_LF_LEG_ASSY.stp-1/_HIP_ASSY.stp-1/_QDD_ASSY.stp-1/_Moteus_controller_r4.8.stp-1;_TOTAL_WLMR_ASSY.stp-1/_LF_LEG_ASSY.stp-1/_HIP_ASSY.stp-1/_QDD_ASSY.stp-1/Outer_cover_part_03.stp-1;_TOTAL_WLMR_ASSY.stp-1/_LF_LEG_ASSY.stp-1/_HIP_ASSY.stp-1/_QDD_ASSY.stp-1/Outer_cover_part_02.stp-1;_TOTAL_WLMR_ASSY.stp-1/_LF_LEG_ASSY.stp-1/_HIP_ASSY.stp-1/_QDD_ASSY.stp-1/Magnet_Cap.stp-1;_TOTAL_WLMR_ASSY.stp-1/_LF_LEG_ASSY.stp-1/_HIP_ASSY.stp-1/_QDD_ASSY.stp-1/Outer_cover_part_01.stp-1;_TOTAL_WLMR_ASSY.stp-1/_LF_LEG_ASSY.stp-1/_HIP_ASSY.stp-1/_QDD_ASSY.stp-1/FL6900ZZ.stp-1;_TOTAL_WLMR_ASSY.stp-1/_LF_LEG_ASSY.stp-1/_HIP_ASSY.stp-1/_QDD_ASSY.stp-1/input_shaft.stp-1;_TOTAL_WLMR_ASSY.stp-1/_LF_LEG_ASSY.stp-1/_HIP_ASSY.stp-1/_QDD_ASSY.stp-1/Carrier_support.stp-3;_TOTAL_WLMR_ASSY.stp-1/_LF_LEG_ASSY.stp-1/_HIP_ASSY.stp-1/_QDD_ASSY.stp-1/Carrier_support.stp-2;_TOTAL_WLMR_ASSY.stp-1/_LF_LEG_ASSY.stp-1/_HIP_ASSY.stp-1/_QDD_ASSY.stp-1/Carrier_support.stp-1;_TOTAL_WLMR_ASSY.stp-1/_LF_LEG_ASSY.stp-1/_HIP_ASSY.stp-1/_QDD_ASSY.stp-1/Carrier_part_a_b.stp-1;_TOTAL_WLMR_ASSY.stp-1/_LF_LEG_ASSY.stp-1/_HIP_ASSY.stp-1/_QDD_ASSY.stp-1/Carrier_part_a.stp-1;_TOTAL_WLMR_ASSY.stp-1/_LF_LEG_ASSY.stp-1/_HIP_ASSY.stp-1/_QDD_ASSY.stp-1/MOTOR MN1005 ASSY.stp-1;_TOTAL_WLMR_ASSY.stp-1/_LF_LEG_ASSY.stp-1/_HIP_ASSY.stp-1/_QDD_ASSY.stp-1/6706.stp-1;_TOTAL_WLMR_ASSY.stp-1/_LF_LEG_ASSY.stp-1/_HIP_ASSY.stp-1/_QDD_ASSY.stp-1/626VV.stp-1;_TOTAL_WLMR_ASSY.stp-1/_LF_LEG_ASSY.stp-1/_HIP_ASSY.stp-1/_QDD_ASSY.stp-1/CP_Gear_ASSY.stp-3;_TOTAL_WLMR_ASSY.stp-1/_LF_LEG_ASSY.stp-1/_HIP_ASSY.stp-1/_QDD_ASSY.stp-1/CP_Gear_ASSY.stp-2;_TOTAL_WLMR_ASSY.stp-1/_LF_LEG_ASSY.stp-1/_HIP_ASSY.stp-1/_QDD_ASSY.stp-1/Ring_gear_M1_0-64-5.stp-1;_TOTAL_WLMR_ASSY.stp-1/_LF_LEG_ASSY.stp-1/_HIP_ASSY.stp-1/_QDD_ASSY.stp-1/GEABG1.0-12-10-K-6_b.stp-1;_TOTAL_WLMR_ASSY.stp-1/_LF_LEG_ASSY.stp-1/_HIP_ASSY.stp-1/_QDD_ASSY.stp-2/CP_Gear_ASSY.stp-1;_TOTAL_WLMR_ASSY.stp-1/_LF_LEG_ASSY.stp-1/_HIP_ASSY.stp-1/_QDD_ASSY.stp-2/CP_Gear_ASSY.stp-2;_TOTAL_WLMR_ASSY.stp-1/_LF_LEG_ASSY.stp-1/_HIP_ASSY.stp-1/_QDD_ASSY.stp-2/CP_Gear_ASSY.stp-3;_TOTAL_WLMR_ASSY.stp-1/_LF_LEG_ASSY.stp-1/_HIP_ASSY.stp-1/_QDD_ASSY.stp-2/626VV.stp-1;_TOTAL_WLMR_ASSY.stp-1/_LF_LEG_ASSY.stp-1/_HIP_ASSY.stp-1/_QDD_ASSY.stp-2/6706.stp-1;_TOTAL_WLMR_ASSY.stp-1/_LF_LEG_ASSY.stp-1/_HIP_ASSY.stp-1/_QDD_ASSY.stp-2/MOTOR MN1005 ASSY.stp-1;_TOTAL_WLMR_ASSY.stp-1/_LF_LEG_ASSY.stp-1/_HIP_ASSY.stp-1/_QDD_ASSY.stp-2/Carrier_part_a.stp-1;_TOTAL_WLMR_ASSY.stp-1/_LF_LEG_ASSY.stp-1/_HIP_ASSY.stp-1/_QDD_ASSY.stp-2/Carrier_part_a_b.stp-1;_TOTAL_WLMR_ASSY.stp-1/_LF_LEG_ASSY.stp-1/_HIP_ASSY.stp-1/_QDD_ASSY.stp-2/Carrier_support.stp-1;_TOTAL_WLMR_ASSY.stp-1/_LF_LEG_ASSY.stp-1/_HIP_ASSY.stp-1/_QDD_ASSY.stp-2/Carrier_support.stp-2;_TOTAL_WLMR_ASSY.stp-1/_LF_LEG_ASSY.stp-1/_HIP_ASSY.stp-1/_QDD_ASSY.stp-2/Carrier_support.stp-3;_TOTAL_WLMR_ASSY.stp-1/_LF_LEG_ASSY.stp-1/_HIP_ASSY.stp-1/_QDD_ASSY.stp-2/input_shaft.stp-1;_TOTAL_WLMR_ASSY.stp-1/_LF_LEG_ASSY.stp-1/_HIP_ASSY.stp-1/_QDD_ASSY.stp-2/FL6900ZZ.stp-1;_TOTAL_WLMR_ASSY.stp-1/_LF_LEG_ASSY.stp-1/_HIP_ASSY.stp-1/_QDD_ASSY.stp-2/Outer_cover_part_01.stp-1;_TOTAL_WLMR_ASSY.stp-1/_LF_LEG_ASSY.stp-1/_HIP_ASSY.stp-1/_QDD_ASSY.stp-2/Magnet_Cap.stp-1;_TOTAL_WLMR_ASSY.stp-1/_LF_LEG_ASSY.stp-1/_HIP_ASSY.stp-1/_QDD_ASSY.stp-2/Outer_cover_part_02.stp-1;_TOTAL_WLMR_ASSY.stp-1/_LF_LEG_ASSY.stp-1/_HIP_ASSY.stp-1/_QDD_ASSY.stp-2/Outer_cover_part_03.stp-1;_TOTAL_WLMR_ASSY.stp-1/_LF_LEG_ASSY.stp-1/_HIP_ASSY.stp-1/_QDD_ASSY.stp-2/_Moteus_controller_r4.8.stp-1;_TOTAL_WLMR_ASSY.stp-1/_LF_LEG_ASSY.stp-1/_HIP_ASSY.stp-1/_QDD_ASSY.stp-2/Magnet_3T_6.stp-1;_TOTAL_WLMR_ASSY.stp-1/_LF_LEG_ASSY.stp-1/_HIP_ASSY.stp-1/_QDD_ASSY.stp-2/Controller_cover.stp-1;_TOTAL_WLMR_ASSY.stp-1/_LF_LEG_ASSY.stp-1/_HIP_ASSY.stp-1/_QDD_ASSY.stp-2/Ring_gear_M1_0-64-5.stp-1;_TOTAL_WLMR_ASSY.stp-1/_LF_LEG_ASSY.stp-1/_HIP_ASSY.stp-1/_QDD_ASSY.stp-2/GEABG1.0-12-10-K-6_b.stp-1;_TOTAL_WLMR_ASSY.stp-1/_LF_LEG_ASSY.stp-1/_HIP_ASSY.stp-1/HR_output.stp-1;_TOTAL_WLMR_ASSY.stp-1/_LF_LEG_ASSY.stp-1/_HIP_ASSY.stp-1/HR_mount_part_01.stp-1;_TOTAL_WLMR_ASSY.stp-1/_LF_LEG_ASSY.stp-1/_HIP_ASSY.stp-1/HR_mount_part_01.stp-2;_TOTAL_WLMR_ASSY.stp-1/_LF_LEG_ASSY.stp-1/_HIP_ASSY.stp-1/HR_bearing_mount.stp-1;_TOTAL_WLMR_ASSY.stp-1/_LF_LEG_ASSY.stp-1/_HIP_ASSY.stp-1/C-E6905ZZ.stp-1;_TOTAL_WLMR_ASSY.stp-1/_LF_LEG_ASSY.stp-1/_HIP_ASSY.stp-1/Magnet_P5_5_T2_5_1.stp-1,RH_hr_coor,RH_hr_axis,RH_hr_joint,revolute,-0.2656,-0.065,0,0,0,0,base_link,1,0,0,0,0,0,0,,,,,,,,
RH_hp,0.000839395304824866,-0.0516976280523152,-0.0801911634969785,0,0,0,0.657880483360999,0.002985452426239,4.93398257316777E-09,2.77862219849152E-05,0.00327753554959699,-4.80642961909136E-07,0.000329252379388807,0,0,0,0,0,0,package://wheelleg_description_ver12/meshes/RH_hp.STL,0.752941176470588,0.752941176470588,0.752941176470588,1,0,0,0,0,0,0,package://wheelleg_description_ver12/meshes/RH_hp.STL,,_TOTAL_WLMR_ASSY.stp-1/_LF_LEG_ASSY.stp-1/_UP_LINK_ASSY.stp-1/_QDD_ASSY.stp-1/CP_Gear_ASSY.stp-1;_TOTAL_WLMR_ASSY.stp-1/_LF_LEG_ASSY.stp-1/_UP_LINK_ASSY.stp-1/_QDD_ASSY.stp-1/Controller_cover.stp-1;_TOTAL_WLMR_ASSY.stp-1/_LF_LEG_ASSY.stp-1/_UP_LINK_ASSY.stp-1/_QDD_ASSY.stp-1/Magnet_3T_6.stp-1;_TOTAL_WLMR_ASSY.stp-1/_LF_LEG_ASSY.stp-1/_UP_LINK_ASSY.stp-1/_QDD_ASSY.stp-1/_Moteus_controller_r4.8.stp-1;_TOTAL_WLMR_ASSY.stp-1/_LF_LEG_ASSY.stp-1/_UP_LINK_ASSY.stp-1/_QDD_ASSY.stp-1/Outer_cover_part_03.stp-1;_TOTAL_WLMR_ASSY.stp-1/_LF_LEG_ASSY.stp-1/_UP_LINK_ASSY.stp-1/_QDD_ASSY.stp-1/Outer_cover_part_02.stp-1;_TOTAL_WLMR_ASSY.stp-1/_LF_LEG_ASSY.stp-1/_UP_LINK_ASSY.stp-1/_QDD_ASSY.stp-1/Magnet_Cap.stp-1;_TOTAL_WLMR_ASSY.stp-1/_LF_LEG_ASSY.stp-1/_UP_LINK_ASSY.stp-1/_QDD_ASSY.stp-1/Outer_cover_part_01.stp-1;_TOTAL_WLMR_ASSY.stp-1/_LF_LEG_ASSY.stp-1/_UP_LINK_ASSY.stp-1/_QDD_ASSY.stp-1/FL6900ZZ.stp-1;_TOTAL_WLMR_ASSY.stp-1/_LF_LEG_ASSY.stp-1/_UP_LINK_ASSY.stp-1/_QDD_ASSY.stp-1/input_shaft.stp-1;_TOTAL_WLMR_ASSY.stp-1/_LF_LEG_ASSY.stp-1/_UP_LINK_ASSY.stp-1/_QDD_ASSY.stp-1/Carrier_support.stp-3;_TOTAL_WLMR_ASSY.stp-1/_LF_LEG_ASSY.stp-1/_UP_LINK_ASSY.stp-1/_QDD_ASSY.stp-1/Carrier_support.stp-2;_TOTAL_WLMR_ASSY.stp-1/_LF_LEG_ASSY.stp-1/_UP_LINK_ASSY.stp-1/_QDD_ASSY.stp-1/Carrier_support.stp-1;_TOTAL_WLMR_ASSY.stp-1/_LF_LEG_ASSY.stp-1/_UP_LINK_ASSY.stp-1/_QDD_ASSY.stp-1/Carrier_part_a_b.stp-1;_TOTAL_WLMR_ASSY.stp-1/_LF_LEG_ASSY.stp-1/_UP_LINK_ASSY.stp-1/_QDD_ASSY.stp-1/Carrier_part_a.stp-1;_TOTAL_WLMR_ASSY.stp-1/_LF_LEG_ASSY.stp-1/_UP_LINK_ASSY.stp-1/_QDD_ASSY.stp-1/MOTOR MN1005 ASSY.stp-1;_TOTAL_WLMR_ASSY.stp-1/_LF_LEG_ASSY.stp-1/_UP_LINK_ASSY.stp-1/_QDD_ASSY.stp-1/6706.stp-1;_TOTAL_WLMR_ASSY.stp-1/_LF_LEG_ASSY.stp-1/_UP_LINK_ASSY.stp-1/_QDD_ASSY.stp-1/626VV.stp-1;_TOTAL_WLMR_ASSY.stp-1/_LF_LEG_ASSY.stp-1/_UP_LINK_ASSY.stp-1/_QDD_ASSY.stp-1/CP_Gear_ASSY.stp-3;_TOTAL_WLMR_ASSY.stp-1/_LF_LEG_ASSY.stp-1/_UP_LINK_ASSY.stp-1/_QDD_ASSY.stp-1/CP_Gear_ASSY.stp-2;_TOTAL_WLMR_ASSY.stp-1/_LF_LEG_ASSY.stp-1/_UP_LINK_ASSY.stp-1/_QDD_ASSY.stp-1/Ring_gear_M1_0-64-5.stp-1;_TOTAL_WLMR_ASSY.stp-1/_LF_LEG_ASSY.stp-1/_UP_LINK_ASSY.stp-1/_QDD_ASSY.stp-1/GEABG1.0-12-10-K-6_b.stp-1;_TOTAL_WLMR_ASSY.stp-1/_LF_LEG_ASSY.stp-1/_UP_LINK_ASSY.stp-1/Tensioner_unit.stp-1/KS B 2023 - 696 - 6 x 15 x 5.stp-1;_TOTAL_WLMR_ASSY.stp-1/_LF_LEG_ASSY.stp-1/_UP_LINK_ASSY.stp-1/Tensioner_unit.stp-1/KS B 2023 - 696 - 6 x 15 x 5.stp-2;_TOTAL_WLMR_ASSY.stp-1/_LF_LEG_ASSY.stp-1/_UP_LINK_ASSY.stp-1/Tensioner_unit.stp-1/KS B 2023 - 696 - 6 x 15 x 5.stp-3;_TOTAL_WLMR_ASSY.stp-1/_LF_LEG_ASSY.stp-1/_UP_LINK_ASSY.stp-1/Tensioner_unit.stp-1/SCLBM6-58.0.stp-1;_TOTAL_WLMR_ASSY.stp-1/_LF_LEG_ASSY.stp-1/_UP_LINK_ASSY.stp-1/Tensioner_unit.stp-1/KS B 2023 - 696 - 6 x 15 x 5.stp-4;_TOTAL_WLMR_ASSY.stp-1/_LF_LEG_ASSY.stp-1/_UP_LINK_ASSY.stp-1/Tensioner_unit.stp-1/CLBUS6-9-11.stp-1;_TOTAL_WLMR_ASSY.stp-1/_LF_LEG_ASSY.stp-1/_UP_LINK_ASSY.stp-1/Tensioner_unit.stp-1/CLBUS6-9-11.stp-2;_TOTAL_WLMR_ASSY.stp-1/_LF_LEG_ASSY.stp-1/_UP_LINK_ASSY.stp-1/Tensioner_unit.stp-1/KS B 1326 - 3.5x9.stp-1;_TOTAL_WLMR_ASSY.stp-1/_LF_LEG_ASSY.stp-1/_UP_LINK_ASSY.stp-1/Tensioner_unit.stp-1/KS B 1326 - 3.5x9.stp-2;_TOTAL_WLMR_ASSY.stp-1/_LF_LEG_ASSY.stp-1/_UP_LINK_ASSY.stp-1/Tensioner_unit.stp-1/KS B 1324 - 번호 2 - 3.5.stp-1;_TOTAL_WLMR_ASSY.stp-1/_LF_LEG_ASSY.stp-1/_UP_LINK_ASSY.stp-1/Tensioner_unit.stp-1/KS B 1324 - 번호 2 - 3.5.stp-2;_TOTAL_WLMR_ASSY.stp-1/_LF_LEG_ASSY.stp-1/_UP_LINK_ASSY.stp-1/Tensioner_unit.stp-2/KS B 2023 - 696 - 6 x 15 x 5.stp-1;_TOTAL_WLMR_ASSY.stp-1/_LF_LEG_ASSY.stp-1/_UP_LINK_ASSY.stp-1/Tensioner_unit.stp-2/KS B 2023 - 696 - 6 x 15 x 5.stp-2;_TOTAL_WLMR_ASSY.stp-1/_LF_LEG_ASSY.stp-1/_UP_LINK_ASSY.stp-1/Tensioner_unit.stp-2/KS B 2023 - 696 - 6 x 15 x 5.stp-3;_TOTAL_WLMR_ASSY.stp-1/_LF_LEG_ASSY.stp-1/_UP_LINK_ASSY.stp-1/Tensioner_unit.stp-2/KS B 2023 - 696 - 6 x 15 x 5.stp-4;_TOTAL_WLMR_ASSY.stp-1/_LF_LEG_ASSY.stp-1/_UP_LINK_ASSY.stp-1/Tensioner_unit.stp-2/SCLBM6-58.0.stp-1;_TOTAL_WLMR_ASSY.stp-1/_LF_LEG_ASSY.stp-1/_UP_LINK_ASSY.stp-1/Tensioner_unit.stp-2/CLBUS6-9-11.stp-1;_TOTAL_WLMR_ASSY.stp-1/_LF_LEG_ASSY.stp-1/_UP_LINK_ASSY.stp-1/Tensioner_unit.stp-2/CLBUS6-9-11.stp-2;_TOTAL_WLMR_ASSY.stp-1/_LF_LEG_ASSY.stp-1/_UP_LINK_ASSY.stp-1/Tensioner_unit.stp-2/KS B 1326 - 3.5x9.stp-1;_TOTAL_WLMR_ASSY.stp-1/_LF_LEG_ASSY.stp-1/_UP_LINK_ASSY.stp-1/Tensioner_unit.stp-2/KS B 1326 - 3.5x9.stp-2;_TOTAL_WLMR_ASSY.stp-1/_LF_LEG_ASSY.stp-1/_UP_LINK_ASSY.stp-1/Tensioner_unit.stp-2/KS B 1324 - 번호 2 - 3.5.stp-1;_TOTAL_WLMR_ASSY.stp-1/_LF_LEG_ASSY.stp-1/_UP_LINK_ASSY.stp-1/Tensioner_unit.stp-2/KS B 1324 - 번호 2 - 3.5.stp-2;_TOTAL_WLMR_ASSY.stp-1/_LF_LEG_ASSY.stp-1/_UP_LINK_ASSY.stp-1/Upper_leg_part_01.stp-1;_TOTAL_WLMR_ASSY.stp-1/_LF_LEG_ASSY.stp-1/_UP_LINK_ASSY.stp-1/Upper_leg_part_02.stp-1;_TOTAL_WLMR_ASSY.stp-1/_LF_LEG_ASSY.stp-1/_UP_LINK_ASSY.stp-1/KP_output.stp-1;_TOTAL_WLMR_ASSY.stp-1/_LF_LEG_ASSY.stp-1/_UP_LINK_ASSY.stp-1/HTPB24S8M150-A-H12-ZTC36-ZM4_b.stp-1;_TOTAL_WLMR_ASSY.stp-1/_LF_LEG_ASSY.stp-1/_UP_LINK_ASSY.stp-1/FL6901ZZ.stp-1;_TOTAL_WLMR_ASSY.stp-1/_LF_LEG_ASSY.stp-1/_UP_LINK_ASSY.stp-1/FL6901ZZ.stp-2;_TOTAL_WLMR_ASSY.stp-1/_LF_LEG_ASSY.stp-1/_UP_LINK_ASSY.stp-1/Magnet_P5_5_T2_5.stp-1;_TOTAL_WLMR_ASSY.stp-1/_LF_LEG_ASSY.stp-1/_UP_LINK_ASSY.stp-1/Upper_leg_support.stp-1;_TOTAL_WLMR_ASSY.stp-1/_LF_LEG_ASSY.stp-1/_UP_LINK_ASSY.stp-1/Upper_leg_support.stp-2;_TOTAL_WLMR_ASSY.stp-1/_LF_LEG_ASSY.stp-1/_UP_LINK_ASSY.stp-1/Upper_leg_support.stp-3;_TOTAL_WLMR_ASSY.stp-1/_LF_LEG_ASSY.stp-1/_UP_LINK_ASSY.stp-1/Upper_leg_support.stp-4;_TOTAL_WLMR_ASSY.stp-1/_LF_LEG_ASSY.stp-1/_UP_LINK_ASSY.stp-1/Upper_leg_support.stp-5;_TOTAL_WLMR_ASSY.stp-1/_LF_LEG_ASSY.stp-1/_UP_LINK_ASSY.stp-1/Upper_leg_support.stp-6;_TOTAL_WLMR_ASSY.stp-1/_LF_LEG_ASSY.stp-1/_UP_LINK_ASSY.stp-1/KP_shaft.stp-1;_TOTAL_WLMR_ASSY.stp-1/_LF_LEG_ASSY.stp-1/_UP_LINK_ASSY.stp-1/CLBUS12-15-3.5.stp-1;_TOTAL_WLMR_ASSY.stp-1/_LF_LEG_ASSY.stp-1/_UP_LINK_ASSY.stp-1/CLBUS12-15-3.5.stp-2;_TOTAL_WLMR_ASSY.stp-1/_LF_LEG_ASSY.stp-1/_UP_LINK_ASSY.stp-1/AS5048A-EK-AB_1.stp-1;_TOTAL_WLMR_ASSY.stp-1/_LF_LEG_ASSY.stp-1/_UP_LINK_ASSY.stp-1/CLBUS12-15-3.5.stp-3;_TOTAL_WLMR_ASSY.stp-1/_LF_LEG_ASSY.stp-1/_UP_LINK_ASSY.stp-1/Magnet_P5_5_T2_5.stp-2;_TOTAL_WLMR_ASSY.stp-1/_LF_LEG_ASSY.stp-1/_UP_LINK_ASSY.stp-1/AS5048B_mount_02_1.stp-1;_TOTAL_WLMR_ASSY.stp-1/_LF_LEG_ASSY.stp-1/_UP_LINK_ASSY.stp-1/Timing_Belt.stp-1,RH_hp_coor,RH_hp_axis,RH_hp_joint,revolute,-0.07,-0.0636,0,0,0,0,RH_hr,0,1,0,0,0,0,0,,,,,,,,
RH_k,-0.112877152385421,-0.0011739978426467,0.000365227221470185,0,0,0,0.198464848923645,3.837361012005E-05,1.02219210619496E-06,3.63063991972023E-07,0.000174670488768668,-3.30741630045046E-09,0.000150600161121145,0,0,0,0,0,0,package://wheelleg_description_ver12/meshes/RH_k.STL,0.752941176470588,0.752941176470588,0.752941176470588,1,0,0,0,0,0,0,package://wheelleg_description_ver12/meshes/RH_k.STL,,_TOTAL_WLMR_ASSY.stp-1/_LF_LEG_ASSY.stp-1/_LOW_LINK_ASSY.stp-1/HTPB24S8M150-A-P12-QTC36-M4.stp-1/HTPB24S8M150-A-P12-QTC36-M4_b.stp-1;_TOTAL_WLMR_ASSY.stp-1/_LF_LEG_ASSY.stp-1/_LOW_LINK_ASSY.stp-1/HTPB24S8M150-A-P12-QTC36-M4.stp-1/SET-SCREW4-3.stp-2;_TOTAL_WLMR_ASSY.stp-1/_LF_LEG_ASSY.stp-1/_LOW_LINK_ASSY.stp-1/HTPB24S8M150-A-P12-QTC36-M4.stp-1/SET-SCREW4-3.stp-1;_TOTAL_WLMR_ASSY.stp-1/_LF_LEG_ASSY.stp-1/_LOW_LINK_ASSY.stp-1/_Wheel_unit.stp-1/Wheel_mount_part_01.stp-1;_TOTAL_WLMR_ASSY.stp-1/_LF_LEG_ASSY.stp-1/_LOW_LINK_ASSY.stp-1/_Wheel_unit.stp-1/Wheel_mount_part_02.stp-1;_TOTAL_WLMR_ASSY.stp-1/_LF_LEG_ASSY.stp-1/_LOW_LINK_ASSY.stp-1/_Wheel_unit.stp-1/Wheel_mount_part_03.stp-1;_TOTAL_WLMR_ASSY.stp-1/_LF_LEG_ASSY.stp-1/_LOW_LINK_ASSY.stp-1/Lower_leg_part_01.stp-1;_TOTAL_WLMR_ASSY.stp-1/_LF_LEG_ASSY.stp-1/_LOW_LINK_ASSY.stp-1/Lower_leg_part_01.stp-2;_TOTAL_WLMR_ASSY.stp-1/_LF_LEG_ASSY.stp-1/_LOW_LINK_ASSY.stp-1/Lower_leg_part_02.stp-1;_TOTAL_WLMR_ASSY.stp-1/_LF_LEG_ASSY.stp-1/_LOW_LINK_ASSY.stp-1/Carbon_rod.stp-1;_TOTAL_WLMR_ASSY.stp-1/_LF_LEG_ASSY.stp-1/_LOW_LINK_ASSY.stp-1/Lower_leg_part_04.stp-1,RH_k_coor,RH_k_axis,RH_k_joint,revolute,0.0031361,-0.029,-0.29998,3.1416,-1.5708,0,RH_hp,0,1,0,0,0,0,0,,,,,,,,
RH_w,3.48285844609109E-11,-0.00227619326260615,1.94451454937905E-10,0,0,0,0.736836125439237,0.000501005017622882,1.23377523868886E-13,-9.14781031737048E-10,0.000781598953029628,5.01583170967053E-13,0.000501010819464757,0,0,0,0,0,0,package://wheelleg_description_ver12/meshes/RH_w.STL,0.313725490196078,0.313725490196078,0.313725490196078,1,0,0,0,0,0,0,package://wheelleg_description_ver12/meshes/RH_w.STL,,_TOTAL_WLMR_ASSY.stp-1/_LF_LEG_ASSY.stp-1/6inch_mecanum_inwheel_motor.stp-1/Hub.stp-1;_TOTAL_WLMR_ASSY.stp-1/_LF_LEG_ASSY.stp-1/6inch_mecanum_inwheel_motor.stp-1/Roller_mount_guard_MIR.stp-16;_TOTAL_WLMR_ASSY.stp-1/_LF_LEG_ASSY.stp-1/6inch_mecanum_inwheel_motor.stp-1/Roller_mount_guard_MIR.stp-15;_TOTAL_WLMR_ASSY.stp-1/_LF_LEG_ASSY.stp-1/6inch_mecanum_inwheel_motor.stp-1/Roller_mount_guard_MIR.stp-14;_TOTAL_WLMR_ASSY.stp-1/_LF_LEG_ASSY.stp-1/6inch_mecanum_inwheel_motor.stp-1/Roller_mount_guard_MIR.stp-13;_TOTAL_WLMR_ASSY.stp-1/_LF_LEG_ASSY.stp-1/6inch_mecanum_inwheel_motor.stp-1/Roller_mount_guard_MIR.stp-12;_TOTAL_WLMR_ASSY.stp-1/_LF_LEG_ASSY.stp-1/6inch_mecanum_inwheel_motor.stp-1/Roller_mount_guard_MIR.stp-11;_TOTAL_WLMR_ASSY.stp-1/_LF_LEG_ASSY.stp-1/6inch_mecanum_inwheel_motor.stp-1/Roller_mount_guard_MIR.stp-10;_TOTAL_WLMR_ASSY.stp-1/_LF_LEG_ASSY.stp-1/6inch_mecanum_inwheel_motor.stp-1/Roller_mount_guard_MIR.stp-9;_TOTAL_WLMR_ASSY.stp-1/_LF_LEG_ASSY.stp-1/6inch_mecanum_inwheel_motor.stp-1/Roller_mount_guard_MIR.stp-8;_TOTAL_WLMR_ASSY.stp-1/_LF_LEG_ASSY.stp-1/6inch_mecanum_inwheel_motor.stp-1/Roller_mount_guard_MIR.stp-7;_TOTAL_WLMR_ASSY.stp-1/_LF_LEG_ASSY.stp-1/6inch_mecanum_inwheel_motor.stp-1/Roller_mount_guard_MIR.stp-6;_TOTAL_WLMR_ASSY.stp-1/_LF_LEG_ASSY.stp-1/6inch_mecanum_inwheel_motor.stp-1/Roller_mount_guard_MIR.stp-5;_TOTAL_WLMR_ASSY.stp-1/_LF_LEG_ASSY.stp-1/6inch_mecanum_inwheel_motor.stp-1/Roller_mount_guard_MIR.stp-4;_TOTAL_WLMR_ASSY.stp-1/_LF_LEG_ASSY.stp-1/6inch_mecanum_inwheel_motor.stp-1/Roller_mount_guard_MIR.stp-3;_TOTAL_WLMR_ASSY.stp-1/_LF_LEG_ASSY.stp-1/6inch_mecanum_inwheel_motor.stp-1/Roller_mount_guard_MIR.stp-2;_TOTAL_WLMR_ASSY.stp-1/_LF_LEG_ASSY.stp-1/6inch_mecanum_inwheel_motor.stp-1/Roller_mount_guard_MIR.stp-1;_TOTAL_WLMR_ASSY.stp-1/_LF_LEG_ASSY.stp-1/6inch_mecanum_inwheel_motor.stp-1/Roller_mount_guard.stp-16;_TOTAL_WLMR_ASSY.stp-1/_LF_LEG_ASSY.stp-1/6inch_mecanum_inwheel_motor.stp-1/Roller_mount_guard.stp-15;_TOTAL_WLMR_ASSY.stp-1/_LF_LEG_ASSY.stp-1/6inch_mecanum_inwheel_motor.stp-1/Roller_mount_guard.stp-14;_TOTAL_WLMR_ASSY.stp-1/_LF_LEG_ASSY.stp-1/6inch_mecanum_inwheel_motor.stp-1/Roller_mount_guard.stp-13;_TOTAL_WLMR_ASSY.stp-1/_LF_LEG_ASSY.stp-1/6inch_mecanum_inwheel_motor.stp-1/Roller_mount_guard.stp-12;_TOTAL_WLMR_ASSY.stp-1/_LF_LEG_ASSY.stp-1/6inch_mecanum_inwheel_motor.stp-1/Roller_mount_guard.stp-11;_TOTAL_WLMR_ASSY.stp-1/_LF_LEG_ASSY.stp-1/6inch_mecanum_inwheel_motor.stp-1/Roller_mount_guard.stp-10;_TOTAL_WLMR_ASSY.stp-1/_LF_LEG_ASSY.stp-1/6inch_mecanum_inwheel_motor.stp-1/Roller_mount_guard.stp-9;_TOTAL_WLMR_ASSY.stp-1/_LF_LEG_ASSY.stp-1/6inch_mecanum_inwheel_motor.stp-1/Roller_mount_guard.stp-8;_TOTAL_WLMR_ASSY.stp-1/_LF_LEG_ASSY.stp-1/6inch_mecanum_inwheel_motor.stp-1/Roller_mount_guard.stp-7;_TOTAL_WLMR_ASSY.stp-1/_LF_LEG_ASSY.stp-1/6inch_mecanum_inwheel_motor.stp-1/Roller_mount_guard.stp-6;_TOTAL_WLMR_ASSY.stp-1/_LF_LEG_ASSY.stp-1/6inch_mecanum_inwheel_motor.stp-1/Roller_mount_guard.stp-5;_TOTAL_WLMR_ASSY.stp-1/_LF_LEG_ASSY.stp-1/6inch_mecanum_inwheel_motor.stp-1/Roller_mount_guard.stp-4;_TOTAL_WLMR_ASSY.stp-1/_LF_LEG_ASSY.stp-1/6inch_mecanum_inwheel_motor.stp-1/Roller_mount_guard.stp-3;_TOTAL_WLMR_ASSY.stp-1/_LF_LEG_ASSY.stp-1/6inch_mecanum_inwheel_motor.stp-1/Roller_mount_guard.stp-2;_TOTAL_WLMR_ASSY.stp-1/_LF_LEG_ASSY.stp-1/6inch_mecanum_inwheel_motor.stp-1/Roller_mount_guard.stp-1;_TOTAL_WLMR_ASSY.stp-1/_LF_LEG_ASSY.stp-1/6inch_mecanum_inwheel_motor.stp-1/Rim.stp-1;_TOTAL_WLMR_ASSY.stp-1/_LF_LEG_ASSY.stp-1/6inch_mecanum_inwheel_motor.stp-1/Frontal_cover.stp-1;_TOTAL_WLMR_ASSY.stp-1/_LF_LEG_ASSY.stp-1/6inch_mecanum_inwheel_motor.stp-1/roller ASSY.stp-1/roller.stp-1;_TOTAL_WLMR_ASSY.stp-1/_LF_LEG_ASSY.stp-1/6inch_mecanum_inwheel_motor.stp-1/roller ASSY.stp-1/roller.stp-2;_TOTAL_WLMR_ASSY.stp-1/_LF_LEG_ASSY.stp-1/6inch_mecanum_inwheel_motor.stp-1/roller ASSY.stp-1/roller.stp-3;_TOTAL_WLMR_ASSY.stp-1/_LF_LEG_ASSY.stp-1/6inch_mecanum_inwheel_motor.stp-1/roller ASSY.stp-1/roller.stp-4;_TOTAL_WLMR_ASSY.stp-1/_LF_LEG_ASSY.stp-1/6inch_mecanum_inwheel_motor.stp-1/roller ASSY.stp-1/roller.stp-5;_TOTAL_WLMR_ASSY.stp-1/_LF_LEG_ASSY.stp-1/6inch_mecanum_inwheel_motor.stp-1/roller ASSY.stp-1/roller.stp-6;_TOTAL_WLMR_ASSY.stp-1/_LF_LEG_ASSY.stp-1/6inch_mecanum_inwheel_motor.stp-1/roller ASSY.stp-1/roller.stp-7;_TOTAL_WLMR_ASSY.stp-1/_LF_LEG_ASSY.stp-1/6inch_mecanum_inwheel_motor.stp-1/roller ASSY.stp-1/roller.stp-8;_TOTAL_WLMR_ASSY.stp-1/_LF_LEG_ASSY.stp-1/6inch_mecanum_inwheel_motor.stp-1/roller ASSY.stp-1/roller.stp-9;_TOTAL_WLMR_ASSY.stp-1/_LF_LEG_ASSY.stp-1/6inch_mecanum_inwheel_motor.stp-1/roller ASSY.stp-1/roller.stp-10;_TOTAL_WLMR_ASSY.stp-1/_LF_LEG_ASSY.stp-1/6inch_mecanum_inwheel_motor.stp-1/roller ASSY.stp-1/roller.stp-11;_TOTAL_WLMR_ASSY.stp-1/_LF_LEG_ASSY.stp-1/6inch_mecanum_inwheel_motor.stp-1/roller ASSY.stp-1/roller.stp-12;_TOTAL_WLMR_ASSY.stp-1/_LF_LEG_ASSY.stp-1/6inch_mecanum_inwheel_motor.stp-1/roller ASSY.stp-1/roller.stp-13;_TOTAL_WLMR_ASSY.stp-1/_LF_LEG_ASSY.stp-1/6inch_mecanum_inwheel_motor.stp-1/roller ASSY.stp-1/roller.stp-14;_TOTAL_WLMR_ASSY.stp-1/_LF_LEG_ASSY.stp-1/6inch_mecanum_inwheel_motor.stp-1/roller ASSY.stp-1/roller.stp-15;_TOTAL_WLMR_ASSY.stp-1/_LF_LEG_ASSY.stp-1/6inch_mecanum_inwheel_motor.stp-1/roller ASSY.stp-1/roller.stp-16,RH_w_coor,RH_w_axis,RH_w_joint,continuous,-0.31,-0.0445,0.001003,0,0,0,RH_k,0,1,0,,,,,,,,,,,,
